40921233056 2162688
41460135584 1769472
41919620768 1769472
45914601120 2162688
46398846624 1769472
46858331808 1769472
47385463456 2162688
47887403680 1769472
48346888864 1769472
42889513632 2162688
43355671200 1769472
43815156384 1769472
39484973728 2162688
39999890080 1769472
40459375264 1769472
44519827104 2162688
44977727136 1769472
45437212320 1769472
37945299616 2162688
38460215968 1769472
38919701152 1769472
44441970336 2162688
44914026144 1769472
45373511328 1769472
6861205152 2162688
7336013472 1769472
7795498656 1769472
45601011360 2162688
46142273184 1769472
46601758368 1769472
48988249760 2162688
49483898528 1769472
34945770144 2162688
35432768160 1769472
35892253344 1769472
48672497312 2162688
49225555616 1769472
38168056480 2162688
38642471584 1769472
39101956768 1769472
36418795168 2162688
36923094688 1769472
37382579872 1769472
39755309728 2162688
40221074080 1769472
40680559264 1769472
35019301536 2162688
35492930208 1769472
35952415392 1769472
48914718368 2162688
49423736480 1769472
41022879392 2162688
41543300768 1769472
42002785952 1769472
42549971616 2162688
43077864096 1769472
43537349280 1769472
37809050272 2162688
38348739232 1769472
38808224416 1769472
42415884960 2162688
42968156832 1769472
43427642016 1769472
47296793248 2162688
47814855328 1769472
48274340512 1769472
36165760672 2162688
36716066464 1769472
37175551648 1769472
39757472416 2162688
40222843552 1769472
40682328736 1769472
45955692192 2162688
46432466592 1769472
46891951776 1769472
14283346592 2162688
14826967712 1769472
15286452896 1769472
44104591008 2162688
44637988512 1769472
45097473696 1769472
33217547936 2162688
33733643936 1769472
34193129120 1769472
40897443488 2162688
41440671392 1769472
41900156576 1769472
38204822176 2162688
38672552608 1769472
39132037792 1769472
48968785568 2162688
49467973280 1769472
2198334112 2162688
2662525600 1769472
3122010784 1769472
39331422880 2162688
39874257568 1769472
40333742752 1769472
42857073312 2162688
43329129120 1769472
43788614304 1769472
44359788192 2162688
44846786208 1769472
45306271392 1769472
45834581664 2162688
46333376160 1769472
46792861344 1769472
45659403936 2162688
46190048928 1769472
46649534112 1769472
48977436320 2162688
49475051168 1769472
33466257056 2162688
33937133216 1769472
34396618400 1769472
46022735520 2162688
46487320224 1769472
46946805408 1769472
6463270560 2162688
7010430624 1769472
7469915808 1769472
31571902112 2162688
32107265696 1769472
32566750880 1769472
45765375648 2162688
46276753056 1769472
46736238240 1769472
34794381984 2162688
35308905120 1769472
35768390304 1769472
36200363680 2162688
36744378016 1769472
37203863200 1769472
39260054176 2162688
39815864992 1769472
40275350176 1769472
33014255264 2162688
33567313568 1769472
34026798752 1769472
33412189856 2162688
33892896416 1769472
34352381600 1769472
34731664032 2162688
35257590432 1769472
35717075616 1769472
44158658208 2162688
44682225312 1769472
45141710496 1769472
47413578400 2162688
47910406816 1769472
48369892000 1769472
47517387424 2162688
47995341472 1769472
48454826656 1769472
49169915552 2162688
49632534176 1769472
37733356192 2162688
38286807712 1769472
38746292896 1769472
44271117984 2162688
44774237856 1769472
45233723040 1769472
28330151584 2162688
28881637024 1769472
29341122208 1769472
36451235488 2162688
36949636768 1769472
37409121952 1769472
36537743008 2162688
37020415648 1769472
37479900832 1769472
47106476704 2162688
47659141792 1769472
48118626976 1769472
47277329056 2162688
47798930080 1769472
48258415264 1769472
48847675040 2162688
49368882848 1769472
33208897184 2162688
33726566048 1769472
34186051232 1769472
45536130720 2162688
46089189024 1769472
46548674208 1769472
48795770528 2162688
49326415520 1769472
36148459168 2162688
36701910688 1769472
37161395872 1769472
37947462304 2162688
38461985440 1769472
38921470624 1769472
42662431392 2162688
43169876640 1769472
43629361824 1769472
47128103584 2162688
47676836512 1769472
48136321696 1769472
49031503520 2162688
49519287968 1769472
39404954272 2162688
39934419616 1769472
40393904800 1769472
38005854880 2162688
38509761184 1769472
38969246368 1769472
42441837216 2162688
42989390496 1769472
43448875680 1769472
47240563360 2162688
47768849056 1769472
48228334240 1769472
35084182176 2162688
35546014368 1769472
36005499552 1769472
36358239904 2162688
36873549472 1769472
37333034656 1769472
44264629920 2162688
44768929440 1769472
45228414624 1769472
45642102432 2162688
46175893152 1769472
46635378336 1769472
42489416352 2162688
43028318880 1769472
43487804064 1769472
34768429728 2162688
35287671456 1769472
35747156640 1769472
39727194784 2162688
40198070944 1769472
40657556128 1769472
8498200224 2162688
8955313824 1769472
9414799008 1769472
12903711392 2162688
13418234528 1769472
13877719712 1769472
29971866272 2162688
30509982368 1769472
30969467552 1769472
42757589664 2162688
43247733408 1769472
43707218592 1769472
43992131232 2162688
44545975968 1769472
45005461152 1769472
47117290144 2162688
47667989152 1769472
48127474336 1769472
19063002784 2162688
19596007072 1769472
20055492256 1769472
23883943584 2162688
24390602400 1769472
24850087584 1769472
42887350944 2162688
43353901728 1769472
43813386912 1769472
25235270304 2162688
25784396448 1769472
26243881632 1769472
41217521312 2162688
41702553248 1769472
42162038432 1769472
41295378080 2162688
41766254240 1769472
42225739424 1769472
49191542432 2162688
49650228896 1769472
11303675552 2162688
11820951200 1769472
12280436384 1769472
40912582304 2162688
41453057696 1769472
41912542880 1769472
29915636384 2162688
30463976096 1769472
30923461280 1769472
35004162720 2162688
35480543904 1769472
35940029088 1769472
40957998752 2162688
41490216608 1769472
41949701792 1769472
45838907040 2162688
46336915104 1769472
46796400288 1769472
34627855008 2162688
35172655776 1769472
35632140960 1769472
45549106848 2162688
46099805856 1769472
46559291040 1769472
28797292192 2162688
29263842976 1769472
29723328160 1769472
39348724384 2162688
39888413344 1769472
40347898528 1769472
22051912352 2162688
22606543520 1769472
23066028704 1769472
39616897696 2162688
40107827872 1769472
40567313056 1769472
45895136928 2162688
46382921376 1769472
46842406560 1769472
8111079072 2162688
8638578336 1769472
9098063520 1769472
17424038560 2162688
17966873248 1769472
18426358432 1769472
33507348128 2162688
33970753184 1769472
34430238368 1769472
19292247712 2162688
19783571104 1769472
20243056288 1769472
36295521952 2162688
36822234784 1769472
37281719968 1769472
38243750560 2162688
38704403104 1769472
39163888288 1769472
40947185312 2162688
41481369248 1769472
41940854432 1769472
42409396896 2162688
42962848416 1769472
43422333600 1769472
44461434528 2162688
44929951392 1769472
45389436576 1769472
45678868128 2162688
46205974176 1769472
46665459360 1769472
47521712800 2162688
47998880416 1769472
48458365600 1769472
35030114976 2162688
35501777568 1769472
35961262752 1769472
39433069216 2162688
39957422752 1769472
40416907936 1769472
40953673376 2162688
41486677664 1769472
41946162848 1769472
9837138592 2162688
10335933088 1769472
10795418272 1769472
22588258976 2162688
23045372576 1769472
23504857760 1769472
37716054688 2162688
38272651936 1769472
38732137120 1769472
39253566112 2162688
39810556576 1769472
40270041760 1769472
39426581152 2162688
39952114336 1769472
40411599520 1769472
44078638752 2162688
44616754848 1769472
45076240032 1769472
48828210848 2162688
49352957600 1769472
7957528224 2162688
8512945824 1769472
8972431008 1769472
9713865376 2162688
10235073184 1769472
10694558368 1769472
16080774816 2162688
16582715040 1769472
17042200224 1769472
19415520928 2162688
19884431008 1769472
20343916192 1769472
44342486688 2162688
44832630432 1769472
45292115616 1769472
5358490272 2162688
5818356384 1769472
6277841568 1769472
13141607072 2162688
13612876448 1769472
14072361632 1769472
34870076064 2162688
35370836640 1769472
35830321824 1769472
47173520032 2162688
47713995424 1769472
48173480608 1769472
47192984224 2162688
47729920672 1769472
48189405856 1769472
3543760544 2162688
4048453280 1769472
4507938464 1769472
6822276768 2162688
7304162976 1769472
7763648160 1769472
29932937888 2162688
30478131872 1769472
30937617056 1769472
30010794656 2162688
30541832864 1769472
31001318048 1769472
30387102368 2162688
30849720992 1769472
31309206176 1769472
36568020640 2162688
37045188256 1769472
37504673440 1769472
39270867616 2162688
39824712352 1769472
40284197536 1769472
47151893152 2162688
47696300704 1769472
48155785888 1769472
49087733408 2162688
49565294240 1769472
12698256032 2162688
13250134688 1769472
13709619872 1769472
12702581408 2162688
13253673632 1769472
13713158816 1769472
28468563616 2162688
28994883232 1769472
29454368416 1769472
31539461792 2162688
32080723616 1769472
32540208800 1769472
38191846048 2162688
38661935776 1769472
39121420960 1769472
40847701664 2162688
41399973536 1769472
41859458720 1769472
44141356704 2162688
44668069536 1769472
45127554720 1769472
45581547168 2162688
46126347936 1769472
46585833120 1769472
47370324640 2162688
47875017376 1769472
48334502560 1769472
8132705952 2162688
8656273056 1769472
9115758240 1769472
15886132896 2162688
16423462560 1769472
16882947744 1769472
17897667232 2162688
18354387616 1769472
18813872800 1769472
27283176096 2162688
27739896480 1769472
28199381664 1769472
31630294688 2162688
32155041440 1769472
32614526624 1769472
38142104224 2162688
38621237920 1769472
39080723104 1769472
42411559584 2162688
42964617888 1769472
43424103072 1769472
44219213472 2162688
44731770528 1769472
45191255712 1769472
34848449184 2162688
35353141920 1769472
35812627104 1769472
47214611104 2162688
47747615392 1769472
48207100576 1769472
6471921312 2162688
7017508512 1769472
7476993696 1769472
6750908064 2162688
7245770400 1769472
7705255584 1769472
19041375904 2162688
19578312352 1769472
20037797536 1769472
26800896672 2162688
27345304224 1769472
27804789408 1769472
34582438560 2162688
35135496864 1769472
35594982048 1769472
37750657696 2162688
38300963488 1769472
38760448672 1769472
38029644448 2162688
38529225376 1769472
38988710560 1769472
39439557280 2162688
39962731168 1769472
40422216352 1769472
2232937120 2162688
2690837152 1769472
3150322336 1769472
11580499616 2162688
12047443616 1769472
12506928800 1769472
16128353952 2162688
16621643424 1769472
17081128608 1769472
17536498336 2162688
18058885792 1769472
18518370976 1769472
42418047648 2162688
42969926304 1769472
43429411488 1769472
49009876640 2162688
49501593248 1769472
19173299872 2162688
19686250144 1769472
20145735328 1769472
28834057888 2162688
29293924000 1769472
29753409184 1769472
31879003808 2162688
32358530720 1769472
32818015904 1769472
34597577376 2162688
35147883168 1769472
35607368352 1769472
42456976032 2162688
43001776800 1769472
43461261984 1769472
45877835424 2162688
46368765600 1769472
46828250784 1769472
5300097696 2162688
5770580640 1769472
6230065824 1769472
8137031328 2162688
8659812000 1769472
9119297184 1769472
9878229664 2162688
10369553056 1769472
10829038240 1769472
10005828256 2162688
10473951904 1769472
10933437088 1769472
11517781664 2162688
11996128928 1769472
12455614112 1769472
28429635232 2162688
28963032736 1769472
29422517920 1769472
38116151968 2162688
38600004256 1769472
39059489440 1769472
42448325280 2162688
42994698912 1769472
43454184096 1769472
44011595424 2162688
44561901216 1769472
45021386400 1769472
48934182560 2162688
49439661728 1769472
2133453472 2162688
2609441440 1769472
3068926624 1769472
7974829728 2162688
8527101600 1769472
8986586784 1769472
11359905440 2162688
11866957472 1769472
12326442656 1769472
11524269728 2162688
12001437344 1769472
12460922528 1769472
20594026144 2162688
21128603296 1769472
21588088480 1769472
34567299744 2162688
35123110560 1769472
35582595744 1769472
35073368736 2162688
35537167008 1769472
35996652192 1769472
36178736800 2162688
36726683296 1769472
37186168480 1769472
36585322144 2162688
37059344032 1769472
37518829216 1769472
37953950368 2162688
38467293856 1769472
38926779040 1769472
41111549600 2162688
41615849120 1769472
42075334304 1769472
42437511840 2162688
42985851552 1769472
43445336736 1769472
44057011872 2162688
44599060128 1769472
45058545312 1769472
6525988512 2162688
7061745312 1769472
7521230496 1769472
6817951392 2162688
7300624032 1769472
7760109216 1769472
6820114080 2162688
7302393504 1769472
7761878688 1769472
36252268192 2162688
36786845344 1769472
37246330528 1769472
36412307104 2162688
36917786272 1769472
37377271456 1769472
39770448544 2162688
40233460384 1769472
40692945568 1769472
43976992416 2162688
44533589664 1769472
44993074848 1769472
47104314016 2162688
47657372320 1769472
48116857504 1769472
47316257440 2162688
47830780576 1769472
48290265760 1769472
12810715808 2162688
13342147232 1769472
13801632416 1769472
16325158560 2162688
16782665376 1769472
17242150560 1769472
20574561952 2162688
21112678048 1769472
21572163232 1769472
27175041696 2162688
27651422880 1769472
28110908064 1769472
30220575392 2162688
30713471648 1769472
31172956832 1769472
33418677920 2162688
33898204832 1769472
34357690016 1769472
36176574112 2162688
36724913824 1769472
37184399008 1769472
38122640032 2162688
38605312672 1769472
39064797856 1769472
44240840352 2162688
44749465248 1769472
45208950432 1769472
47489272480 2162688
47972338336 1769472
48431823520 1769472
5198451360 2162688
5687415456 1769472
6146900640 1769472
6629797536 2162688
7146679968 1769472
7606165152 1769472
19205740192 2162688
19712792224 1769472
20172277408 1769472
31565414048 2162688
32101957280 1769472
32561442464 1769472
36546393760 2162688
37027493536 1769472
37486978720 1769472
37815538336 2162688
38354047648 1769472
38813532832 1769472
41232660128 2162688
41714939552 1769472
42174424736 1769472
47275166368 2162688
47797160608 1769472
48256645792 1769472
5066527392 2162688
5579477664 1769472
6038962848 1769472
6560591520 2162688
7090056864 1769472
7549542048 1769472
6878506656 2162688
7350169248 1769472
7809654432 1769472
8082964128 2162688
8615575200 1769472
9075060384 1769472
11543733920 2162688
12017362592 1769472
12476847776 1769472
11628078752 2162688
12086372000 1769472
12545857184 1769472
12821529248 2162688
13350994592 1769472
13810479776 1769472
29945914016 2162688
30488748704 1769472
30948233888 1769472
34697061024 2162688
35229278880 1769472
35688764064 1769472
39279518368 2162688
39831790240 1769472
40291275424 1769472
39374676640 2162688
39909647008 1769472
40369132192 1769472
41293215392 2162688
41764484768 1769472
42223969952 1769472
44491712160 2162688
44954724000 1769472
45414209184 1769472
48884440736 2162688
49398963872 1769472
6435155616 2162688
6987427488 1769472
7446912672 1769472
7992131232 2162688
8541257376 1769472
9000742560 1769472
14586122912 2162688
15074693792 1769472
15534178976 1769472
23607119520 2162688
24164109984 1769472
24623595168 1769472
31926582944 2162688
32397459104 1769472
32856944288 1769472
33046695584 2162688
33593855648 1769472
34053340832 1769472
33074810528 2162688
33616858784 1769472
34076343968 1769472
38206984864 2162688
38674322080 1769472
39133807264 1769472
40871491232 2162688
41419437728 1769472
41878922912 1769472
47303281312 2162688
47820163744 1769472
48279648928 1769472
48826048160 2162688
49351188128 1769472
3446439584 2162688
3968827040 1769472
4428312224 1769472
4921627296 2162688
5460923040 1769472
5920408224 1769472
6720630432 2162688
7220997792 1769472
7680482976 1769472
11331790496 2162688
11843954336 1769472
12303439520 1769472
14376342176 2162688
14903055008 1769472
15362540192 1769472
22562306720 2162688
23024138912 1769472
23483624096 1769472
31452954272 2162688
32009944736 1769472
32469429920 1769472
33410027168 2162688
33891126944 1769472
34350612128 1769472
33451118240 2162688
33924746912 1769472
34384232096 1769472
41003415200 2162688
41527375520 1769472
41986860704 1769472
41267263136 2162688
41743251104 1769472
42202736288 1769472
41310516896 2162688
41778640544 1769472
42238125728 1769472
44000781984 2162688
44553053856 1769472
45012539040 1769472
44506850976 2162688
44967110304 1769472
45426595488 1769472
45825930912 2162688
46326298272 1769472
46785783456 1769472
47467645600 2162688
47954643616 1769472
48414128800 1769472
3558899360 2162688
4060839584 1769472
4520324768 1769472
4874048160 2162688
5421994656 1769472
5881479840 1769472
9971225248 2162688
10445640352 1769472
10905125536 1769472
12942639776 2162688
13450085024 1769472
13909570208 1769472
14724534944 2162688
15187940000 1769472
15647425184 1769472
17415387808 2162688
17959795360 1769472
18419280544 1769472
20516169376 2162688
21064902304 1769472
21524387488 1769472
22149233312 2162688
22686169760 1769472
23145654944 1769472
23633071776 2162688
24185343648 1769472
24644828832 1769472
24124001952 2162688
24587013792 1769472
25046498976 1769472
26816035488 2162688
27357690528 1769472
27817175712 1769472
33390562976 2162688
33875201696 1769472
34334686880 1769472
33511673504 2162688
33974292128 1769472
34433777312 1769472
34634343072 2162688
35177964192 1769472
35637449376 1769472
36245780128 2162688
36781536928 1769472
37241022112 1769472
40886630048 2162688
41431824032 1769472
41891309216 1769472
41081271968 2162688
41591076512 1769472
42050561696 1769472
47180008096 2162688
47719303840 1769472
48178789024 1769472
48916881056 2162688
49425505952 1769472
4841607840 2162688
5395452576 1769472
5854937760 1769472
6491385504 2162688
7033433760 1769472
7492918944 1769472
12737184416 2162688
13281985184 1769472
13741470368 1769472
14421758624 2162688
14940213920 1769472
15399699104 1769472
20840572576 2162688
21330323104 1769472
21789808288 1769472
22125443744 2162688
22666705568 1769472
23126190752 1769472
25259059872 2162688
25803860640 1769472
26263345824 1769472
28371242656 2162688
28915256992 1769472
29374742176 1769472
31496208032 2162688
32045334176 1769472
32504819360 1769472
31522160288 2162688
32066567840 1769472
32526053024 1769472
31747079840 2162688
32250592928 1769472
32710078112 1769472
36604786336 2162688
37075269280 1769472
37534754464 1769472
42874374816 2162688
43343284896 1769472
43802770080 1769472
45514503840 2162688
46071494304 1769472
46530979488 1769472
45841069728 2162688
46338684576 1769472
46798169760 1769472
47415741088 2162688
47912176288 1769472
48371661472 1769472
48932019872 2162688
49437892256 1769472
4969206432 2162688
5499851424 1769472
5959336608 1769472
5328212640 2162688
5793583776 1769472
6253068960 1769472
6731443872 2162688
7229845152 1769472
7689330336 1769472
6867693216 2162688
7341321888 1769472
7800807072 1769472
6932573856 2162688
7394406048 1769472
7853891232 1769472
11282048672 2162688
11803256480 1769472
12262741664 1769472
20479403680 2162688
21034821280 1769472
21494306464 1769472
26848475808 2162688
27384232608 1769472
27843717792 1769472
30125417120 2162688
30635614880 1769472
31095100064 1769472
31478906528 2162688
32031178400 1769472
32490663584 1769472
36518278816 2162688
37004490400 1769472
37463975584 1769472
36600460960 2162688
37071730336 1769472
37531215520 1769472
39454696096 2162688
39975117472 1769472
40434602656 1769472
44303558304 2162688
44800779936 1769472
45260265120 1769472
5120594592 2162688
5623714464 1769472
6083199648 1769472
6443806368 2162688
6994505376 1769472
7453990560 1769472
11511293600 2162688
11990820512 1769472
12450305696 1769472
13089702560 2162688
13570409120 1769472
14029894304 1769472
17770068640 2162688
18249988768 1769472
18709473952 1769472
25509931680 2162688
26009119392 1769472
26468604576 1769472
25667807904 2162688
26138290848 1769472
26597776032 1769472
26841987744 2162688
27378924192 1769472
27838409376 1769472
26887404192 2162688
27416083104 1769472
27875568288 1769472
28604812960 2162688
29106359968 1769472
29565845152 1769472
30112440992 2162688
30624998048 1769472
31084483232 1769472
34712199840 2162688
35241665184 1769472
35701150368 1769472
35056067232 2162688
35523011232 1769472
35982496416 1769472
36137645728 2162688
36693063328 1769472
37152548512 1769472
39705567904 2162688
40180376224 1769472
40639861408 1769472
42482928288 2162688
43023010464 1769472
43482495648 1769472
42545646240 2162688
43074325152 1769472
43533810336 1769472
44416018080 2162688
44892792480 1769472
45352277664 1769472
46057338528 2162688
46515631776 1769472
46975116960 1769472
48782794400 2162688
49315798688 1769472
48927694496 2162688
49434353312 1769472
6515175072 2162688
7052897952 1769472
7512383136 1769472
6564916896 2162688
7093595808 1769472
7553080992 1769472
6705491616 2162688
7208611488 1769472
7668096672 1769472
8431156896 2162688
8900460192 1769472
9359945376 1769472
12795576992 2162688
13329760928 1769472
13789246112 1769472
14499615392 2162688
15003914912 1769472
15463400096 1769472
17441340064 2162688
17981029024 1769472
18440514208 1769472
17534335648 2162688
18057116320 1769472
18516601504 1769472
17893341856 2162688
18350848672 1769472
18810333856 1769472
19050026656 2162688
19585390240 1769472
20044875424 1769472
25563998880 2162688
26053356192 1769472
26512841376 1769472
26779269792 2162688
27327609504 1769472
27787094688 1769472
27090696864 2162688
27582413472 1769472
28041898656 1769472
28689157792 2162688
29175369376 1769472
29634854560 1769472
28840545952 2162688
29299232416 1769472
29758717600 1769472
33256476320 2162688
33765494432 1769472
34224979616 1769472
33358122656 2162688
33848659616 1769472
34308144800 1769472
36189550240 2162688
36735530656 1769472
37195015840 1769472
39722869408 2162688
40194532000 1769472
40654017184 1769472
40823912096 2162688
41380509344 1769472
41839994528 1769472
41042343584 2162688
41559226016 1769472
42018711200 1769472
41046668960 2162688
41562764960 1769472
42022250144 1769472
44299232928 2162688
44797240992 1769472
45256726176 1769472
47567129248 2162688
48036039328 1769472
48495524512 1769472
3736239776 2162688
4205936288 1769472
4665421472 1769472
6919597728 2162688
7383789216 1769472
7843274400 1769472
8279768736 2162688
8776597152 1769472
9236082336 1769472
11439924896 2162688
11932427936 1769472
12391913120 1769472
14229279392 2162688
14782730912 1769472
15242216096 1769472
16221349536 2162688
16697730720 1769472
17157215904 1769472
17417550496 2162688
17961564832 1769472
18421050016 1769472
17759255200 2162688
18241141408 1769472
18700626592 1769472
22162209440 2162688
22696786592 1769472
23156271776 1769472
26748992160 2162688
27302836896 1769472
27762322080 1769472
27036629664 2162688
27538176672 1769472
27997661856 1769472
28743224992 2162688
29219606176 1769472
29679091360 1769472
29868057248 2162688
30425047712 1769472
30884532896 1769472
29896172192 2162688
30448050848 1769472
30907536032 1769472
36193875616 2162688
36739069600 1769472
37198554784 1769472
36360402592 2162688
36875318944 1769472
37334804128 1769472
37835002528 2162688
38369972896 1769472
38829458080 1769472
37964763808 2162688
38476141216 1769472
38935626400 1769472
41092085408 2162688
41599923872 1769472
42059409056 1769472
42891676320 2162688
43357440672 1769472
43816925856 1769472
47411415712 2162688
47908637344 1769472
48368122528 1769472
49139637920 2162688
49607761568 1769472
3295051424 2162688
3844964000 1769472
4304449184 1769472
3807608480 2162688
4264328864 1769472
4723814048 1769472
6949875360 2162688
7408561824 1769472
7868047008 1769472
8098102944 2162688
8627961504 1769472
9087446688 1769472
8400879264 2162688
8875687584 1769472
9335172768 1769472
8470085280 2162688
8932310688 1769472
9391795872 1769472
9553826464 2162688
10104132256 1769472
10563617440 1769472
11353417376 2162688
11861649056 1769472
12321134240 1769472
13191348896 2162688
13653574304 1769472
14113059488 1769472
14317949600 2162688
14855279264 1769472
15314764448 1769472
14322274976 2162688
14858818208 1769472
15318303392 1769472
14525567648 2162688
15025148576 1769472
15484633760 1769472
16119703200 2162688
16614565536 1769472
17074050720 1769472
17763580576 2162688
18244680352 1769472
18704165536 1769472
24002891424 2162688
24487923360 1769472
24947408544 1769472
25354218144 2162688
25881717408 1769472
26341202592 1769472
26963098272 2162688
27478014624 1769472
27937499808 1769472
28773502624 2162688
29244378784 1769472
29703863968 1769472
31939559072 2162688
32408075936 1769472
32867561120 1769472
33226198688 2162688
33740721824 1769472
34200207008 1769472
33338658464 2162688
33832734368 1769472
34292219552 1769472
37748495008 2162688
38299194016 1769472
38758679200 1769472
40903931552 2162688
41445979808 1769472
41905464992 1769472
45717796512 2162688
46237824672 1769472
46697309856 1769472
47491435168 2162688
47974107808 1769472
48433592992 1769472
49113685664 2162688
49586527904 1769472
49174240928 2162688
49636073120 1769472
3731914400 2162688
4202397344 1769472
4661882528 1769472
4861072032 2162688
5411377824 1769472
5870863008 1769472
5070852768 2162688
5583016608 1769472
6042501792 1769472
9995014816 2162688
10465104544 1769472
10924589728 1769472
14268207776 2162688
14814581408 1769472
15274066592 1769472
15842879136 2162688
16388073120 1769472
16847558304 1769472
16050497184 2162688
16557942432 1769472
17017427616 1769472
20576724640 2162688
21114447520 1769472
21573932704 1769472
20955195040 2162688
21424105120 1769472
21883590304 1769472
22207625888 2162688
22733945504 1769472
23193430688 1769472
22348200608 2162688
22848961184 1769472
23308446368 1769472
23680650912 2162688
24224272032 1769472
24683757216 1769472
25285012128 2162688
25825094304 1769472
26284579488 1769472
25449376416 2162688
25959574176 1769472
26419059360 1769472
25633204896 2162688
26109979296 1769472
26569464480 1769472
26850638496 2162688
27386002080 1769472
27845487264 1769472
28808105632 2162688
29272690336 1769472
29732175520 1769472
28829732512 2162688
29290385056 1769472
29749870240 1769472
31459442336 2162688
32015253152 1769472
32474738336 1769472
38250238624 2162688
38709711520 1769472
39169196704 1769472
39311958688 2162688
39858332320 1769472
40317817504 1769472
40858515104 2162688
41408820896 1769472
41868306080 1769472
40873653920 2162688
41421207200 1769472
41880692384 1769472
42532670112 2162688
43063708320 1769472
43523193504 1769472
8472247968 2162688
8934080160 1769472
9393565344 1769472
9780908704 2162688
10289926816 1769472
10749412000 1769472
9953923744 2162688
10431484576 1769472
10890969760 1769472
11541571232 2162688
12015593120 1769472
12475078304 1769472
12791251616 2162688
13326221984 1769472
13785707168 1769472
13065912992 2162688
13550944928 1769472
14010430112 1769472
14484476576 2162688
14991528608 1769472
15451013792 1769472
17698699936 2162688
18191596192 1769472
18651081376 1769472
17815485088 2162688
18287147680 1769472
18746632864 1769472
19166811808 2162688
19680941728 1769472
20140426912 1769472
22084352672 2162688
22633085600 1769472
23092570784 1769472
22151396000 2162688
22687939232 1769472
23147424416 1769472
25291500192 2162688
25830402720 1769472
26289887904 1769472
25373682336 2162688
25897642656 1769472
26357127840 1769472
26820360864 2162688
27361229472 1769472
27820714656 1769472
28779990688 2162688
29249687200 1769472
29709172384 1769472
29878870688 2162688
30433895072 1769472
30893380256 1769472
29952402080 2162688
30494057120 1769472
30953542304 1769472
30097302176 2162688
30612611744 1769472
31072096928 1769472
31457279648 2162688
32013483680 1769472
32472968864 1769472
31543787168 2162688
32084262560 1769472
32543747744 1769472
33051020960 2162688
33597394592 1769472
34056879776 1769472
33213222560 2162688
33730104992 1769472
34189590176 1769472
34588926624 2162688
35140805280 1769472
35600290464 1769472
34820334240 2162688
35330138784 1769472
35789623968 1769472
42405071520 2162688
42959309472 1769472
43418794656 1769472
44171634336 2162688
44692842144 1769472
45152327328 1769472
44390065824 2162688
44871558816 1769472
45331044000 1769472
45575059104 2162688
46121039520 1769472
46580524704 1769472
1793911456 2162688
2331634336 1769472
2791119520 1769472
1822026400 2162688
2354637472 1769472
2814122656 1769472
3392372384 2162688
3924590240 1769472
4384075424 1769472
3636756128 2162688
4124540576 1769472
4584025760 1769472
5107618464 2162688
5613097632 1769472
6072582816 1769472
6707654304 2162688
7210380960 1769472
7669866144 1769472
6709816992 2162688
7212150432 1769472
7671635616 1769472
8126217888 2162688
8650964640 1769472
9110449824 1769472
8351137440 2162688
8834989728 1769472
9294474912 1769472
9633845920 2162688
10169602720 1769472
10629087904 1769472
9761444512 2162688
10274001568 1769472
10733486752 1769472
9865253536 2162688
10358936224 1769472
10818421408 1769472
10033943200 2162688
10496955040 1769472
10956440224 1769472
12869108384 2162688
13389922976 1769472
13849408160 1769472
15996429984 2162688
16513705632 1769472
16973190816 1769472
17873877664 2162688
18334923424 1769472
18794408608 1769472
20691347104 2162688
21208229536 1769472
21667714720 1769472
20747576992 2162688
21254235808 1769472
21713720992 1769472
22224927392 2162688
22748101280 1769472
23207586464 1769472
22296296096 2162688
22806493856 1769472
23265979040 1769472
23726067360 2162688
24261430944 1769472
24720916128 1769472
23998566048 2162688
24484384416 1769472
24943869600 1769472
27235596960 2162688
27700968096 1769472
28160453280 1769472
28317175456 2162688
28871020192 1769472
29330505376 1769472
28801617568 2162688
29267381920 1769472
29726867104 1769472
29948076704 2162688
30490518176 1769472
30950003360 1769472
31532973728 2162688
32075415200 1769472
32534900384 1769472
33401376416 2162688
33884049056 1769472
34343534240 1769472
34640831136 2162688
35183272608 1769472
35642757792 1769472
42681895584 2162688
43185801888 1769472
43645287072 1769472
47134591648 2162688
47682144928 1769472
48141630112 1769472
2005854880 2162688
2505042592 1769472
2964527776 1769472
3321003680 2162688
3866197664 1769472
4325682848 1769472
3513482912 2162688
4023680672 1769472
4483165856 1769472
6742257312 2162688
7238692512 1769472
7698177696 1769472
8054849184 2162688
8592572064 1769472
9052057248 1769472
9532199584 2162688
10086437536 1769472
10545922720 1769472
13104841376 2162688
13582795424 1769472
14042280608 1769472
13150257824 2162688
13619954336 1769472
14079439520 1769472
15829903008 2162688
16377456288 1769472
16836941472 1769472
15951013536 2162688
16476546720 1769472
16936031904 1769472
16210536096 2162688
16688883360 1769472
17148368544 1769472
20903290528 2162688
21381637792 1769472
21841122976 1769472
20987635360 2162688
21450647200 1769472
21910132384 1769472
22523378336 2162688
22992288416 1769472
23451773600 1769472
25581300384 2162688
26067511968 1769472
26526997152 1769472
25689434784 2162688
26155985568 1769472
26615470752 1769472
26733853344 2162688
27290450592 1769472
27749935776 1769472
26764130976 2162688
27315223200 1769472
27774708384 1769472
26772781728 2162688
27322301088 1769472
27781786272 1769472
26932820640 2162688
27453242016 1769472
27912727200 1769472
27216132768 2162688
27685042848 1769472
28144528032 1769472
28323663520 2162688
28876328608 1769472
29335813792 1769472
28788641440 2162688
29256765088 1769472
29716250272 1769472
31811960480 2162688
32303677088 1769472
32763162272 1769472
41169942176 2162688
41663624864 1769472
42123110048 1769472
45953529504 2162688
46430697120 1769472
46890182304 1769472
47528200864 2162688
48004188832 1769472
48463674016 1769472
5295772320 2162688
5767041696 1769472
6226526880 1769472
8145682080 2162688
8666889888 1769472
9126375072 1769472
9517060768 2162688
10074051232 1769472
10533536416 1769472
9577616032 2162688
10123596448 1769472
10583081632 1769472
11147962016 2162688
11693549216 1769472
12153034400 1769472
11459389088 2162688
11948353184 1769472
12407838368 1769472
12834505376 2162688
13361611424 1769472
13821096608 1769472
17722489504 2162688
18211060384 1769472
18670545568 1769472
19000284832 2162688
19544692384 1769472
20004177568 1769472
20470752928 2162688
21027743392 1769472
21487228576 1769472
20498867872 2162688
21050746528 1769472
21510231712 1769472
20544284320 2162688
21087905440 1769472
21547390624 1769472
20611327648 2162688
21142759072 1769472
21602244256 1769472
20676208288 2162688
21195843232 1769472
21655328416 1769472
20860036768 2162688
21346248352 1769472
21805733536 1769472
25546697376 2162688
26039200416 1769472
26498685600 1769472
31788170912 2162688
32284212896 1769472
32743698080 1769472
31861702304 2162688
32344374944 1769472
32803860128 1769472
36135483040 2162688
36691293856 1769472
37150779040 1769472
36420957856 2162688
36924864160 1769472
37384349344 1769472
36479350432 2162688
36972639904 1769472
37432125088 1769472
42729474720 2162688
43224730272 1769472
43684215456 1769472
44113241760 2162688
44645066400 1769472
45104551584 1769472
47143242400 2162688
47689222816 1769472
48148708000 1769472
47210285728 2162688
47744076448 1769472
48203561632 1769472
48893091488 2162688
49406041760 1769472
3316678304 2162688
3862658720 1769472
4322143904 1769472
3530784416 2162688
4037836448 1769472
4497321632 1769472
3770842784 2162688
4234247840 1769472
4693733024 1769472
6586543776 2162688
7111290528 1769472
7570775712 1769472
8240840352 2162688
8744746656 1769472
9204231840 1769472
8370601632 2162688
8850914976 1769472
9310400160 1769472
11182565024 2162688
11721860768 1769472
12181345952 1769472
11388020384 2162688
11889960608 1769472
12349445792 1769472
11567523488 2162688
12036826784 1769472
12496311968 1769472
11606451872 2162688
12068677280 1769472
12528162464 1769472
12683117216 2162688
13237748384 1769472
13697233568 1769472
14211977888 2162688
14768575136 1769472
15228060320 1769472
14519079584 2162688
15019840160 1769472
15479325344 1769472
14558007968 2162688
15051690656 1769472
15511175840 1769472
16242976416 2162688
16715425440 1769472
17174910624 1769472
19067328160 2162688
19599546016 1769472
20059031200 1769472
20602676896 2162688
21135681184 1769472
21595166368 1769472
20873012896 2162688
21356865184 1769472
21816350368 1769472
22410918560 2162688
22900275872 1769472
23359761056 1769472
23630909088 2162688
24183574176 1769472
24643059360 1769472
25414773408 2162688
25931262624 1769472
26390747808 1769472
27157740192 2162688
27637267104 1769472
28096752288 1769472
28299873952 2162688
28856864416 1769472
29316349600 1769472
28386381472 2162688
28927643296 1769472
29387128480 1769472
29930775200 2162688
30476362400 1769472
30935847584 1769472
29943751328 2162688
30486979232 1769472
30946464416 1769472
30015120032 2162688
30545371808 1769472
31004856992 1769472
30041072288 2162688
30566605472 1769472
31026090656 1769472
31468093088 2162688
32022331040 1769472
32481816224 1769472
33018580640 2162688
33570852512 1769472
34030337696 1769472
33180782240 2162688
33703562912 1769472
34163048096 1769472
33503022752 2162688
33967214240 1769472
34426699424 1769472
36371216032 2162688
36884166304 1769472
37343651488 1769472
39277355680 2162688
39830020768 1769472
40289505952 1769472
43994293920 2162688
44547745440 1769472
45007230624 1769472
44054849184 2162688
44597290656 1769472
45056775840 1769472
48659521184 2162688
49214938784 1769472
48841186976 2162688
49363574432 1769472
3429138080 2162688
3954671264 1769472
4414156448 1769472
3548085920 2162688
4051992224 1769472
4511477408 1769472
5341188768 2162688
5804200608 1769472
6263685792 1769472
6794161824 2162688
7281159840 1769472
7740645024 1769472
6856879776 2162688
7332474528 1769472
7791959712 1769472
8087289504 2162688
8619114144 1769472
9078599328 1769472
10016641696 2162688
10482799264 1769472
10942284448 1769472
11273397920 2162688
11796178592 1769472
12255663776 1769472
11561035424 2162688
12031518368 1769472
12491003552 1769472
13189186208 2162688
13651804832 1769472
14111290016 1769472
14761300640 2162688
15218021024 1769472
15677506208 1769472
15823414944 2162688
16372147872 1769472
16831633056 1769472
15905597088 2162688
16439387808 1769472
16898872992 1769472
15987779232 2162688
16506627744 1769472
16966112928 1769472
17389435552 2162688
17938561696 1769472
18398046880 1769472
17413225120 2162688
17958025888 1769472
18417511072 1769472
17813322400 2162688
18285378208 1769472
18744863392 1769472
19331176096 2162688
19815421600 1769472
20274906784 1769472
20472915616 2162688
21029512864 1769472
21488998048 1769472
22278994592 2162688
22792338080 1769472
23251823264 1769472
22436870816 2162688
22921509536 1769472
23380994720 1769472
23659024032 2162688
24206577312 1769472
24666062496 1769472
23920709280 2162688
24420683424 1769472
24880168608 1769472
25576975008 2162688
26063973024 1769472
26523458208 1769472
25609415328 2162688
26090515104 1769472
26550000288 1769472
25622391456 2162688
26101131936 1769472
26560617120 1769472
25654831776 2162688
26127674016 1769472
26587159200 1769472
26934983328 2162688
27455011488 1769472
27914496672 1769472
27082046112 2162688
27575335584 1769472
28034820768 1769472
28401520288 2162688
28940029600 1769472
29399514784 1769472
28488027808 2162688
29010808480 1769472
29470293664 1769472
28526956192 2162688
29042658976 1769472
29502144160 1769472
28678344352 2162688
29166522016 1769472
29626007200 1769472
30155694752 2162688
30660387488 1769472
31119872672 1769472
31567576736 2162688
32103726752 1769472
32563211936 1769472
31907118752 2162688
32381533856 1769472
32841019040 1769472
31956860576 2162688
32422231712 1769472
32881716896 1769472
33144016544 2162688
33673481888 1769472
34132967072 1769472
34965234336 2162688
35448693408 1769472
35908178592 1769472
39506600608 2162688
40017584800 1769472
40477069984 1769472
39662314144 2162688
40144986784 1769472
40604471968 1769472
40890955424 2162688
41435362976 1769472
41894848160 1769472
41371072160 2162688
41828185760 1769472
42287670944 1769472
45726447264 2162688
46244902560 1769472
46704387744 1769472
45985969824 2162688
46457239200 1769472
46916724384 1769472
48668171936 2162688
49222016672 1769472
49167752864 2162688
49630764704 1769472
1798236832 2162688
2335173280 1769472
2794658464 1769472
2070735520 2162688
2558126752 1769472
3017611936 1769472
4837282464 2162688
5391913632 1769472
5851398816 1769472
4988670624 2162688
5515776672 1769472
5975261856 1769472
4995158688 2162688
5521085088 1769472
5980570272 1769472
5021110944 2162688
5542318752 1769472
6001803936 1769472
7987805856 2162688
8537718432 1769472
8997203616 1769472
7989968544 2162688
8539487904 1769472
8998973088 1769472
8197586592 2162688
8709357216 1769472
9168842400 1769472
11139311264 2162688
11686471328 1769472
12145956512 1769472
12843156128 2162688
13368689312 1769472
13828174496 1769472
12977242784 2162688
13478396576 1769472
13937881760 1769472
13081051808 2162688
13563331232 1769472
14022816416 1769472
14263882400 2162688
14811042464 1769472
15270527648 1769472
14337413792 2162688
14871204512 1769472
15330689696 1769472
14387155616 2162688
14911902368 1769472
15371387552 1769472
20522657440 2162688
21070210720 1769472
21529695904 1769472
20834084512 2162688
21325014688 1769472
21784499872 1769472
23661186720 2162688
24208346784 1769472
24667831968 1769472
24037494432 2162688
24516234912 1769472
24975720096 1769472
25274198688 2162688
25816246944 1769472
26275732128 1769472
25572649632 2162688
26060434080 1769472
26519919264 1769472
26900380320 2162688
27426699936 1769472
27886185120 1769472
26989050528 2162688
27499248288 1769472
27958733472 1769472
27131787936 2162688
27616033440 1769472
28075518624 1769472
27200993952 2162688
27672656544 1769472
28132141728 1769472
28310687392 2162688
28865711776 1769472
29325196960 1769472
28730248864 2162688
29208989344 1769472
29668474528 1769472
30084326048 2162688
30601994912 1769472
31061480096 1769472
31619481248 2162688
32146194080 1769472
32605679264 1769472
31760055968 2162688
32261209760 1769472
32720694944 1769472
33265127072 2162688
33772572320 1769472
34232057504 1769472
33539788448 2162688
33997295264 1769472
34456780448 1769472
34560811680 2162688
35117802144 1769472
35577287328 1769472
34785731232 2162688
35301827232 1769472
35761312416 1769472
36131157664 2162688
36687754912 1769472
37147240096 1769472
36503140000 2162688
36992104096 1769472
37451589280 1769472
37726868128 2162688
38281499296 1769472
38740984480 1769472
39699079840 2162688
40175067808 1769472
40634552992 1769472
40843376288 2162688
41396434592 1769472
41855919776 1769472
40895280800 2162688
41438901920 1769472
41898387104 1769472
40981788320 2162688
41509680800 1769472
41969165984 1769472
42560785056 2162688
43086711456 1769472
43546196640 1769472
42805168800 2162688
43286661792 1769472
43746146976 1769472
44521989792 2162688
44979496608 1769472
45438981792 1769472
45784839840 2162688
46292678304 1769472
46752163488 1769472
49081245344 2162688
49559985824 1769472
49185054368 2162688
49644920480 1769472
1729030816 2162688
2278550176 1769472
2738035360 1769472
1774447264 2162688
2315709088 1769472
2775194272 1769472
1893395104 2162688
2413030048 1769472
2872515232 1769472
1960438432 2162688
2467883680 1769472
2927368864 1769472
2155080352 2162688
2627136160 1769472
3086621344 1769472
3701636768 2162688
4177624736 1769472
4637109920 1769472
3727589024 2162688
4198858400 1769472
4658343584 1769472
4936766112 2162688
5473309344 1769472
5932794528 1769472
6588706464 2162688
7113060000 1769472
7572545184 1769472
6660075168 2162688
7171452576 1769472
7630937760 1769472
6686027424 2162688
7192686240 1769472
7652171424 1769472
6755233440 2162688
7249309344 1769472
7708794528 1769472
8095940256 2162688
8626192032 1769472
9085677216 1769472
9620869792 2162688
10158985888 1769472
10618471072 1769472
11173914272 2162688
11714782880 1769472
12174268064 1769472
14400131744 2162688
14922519200 1769472
15382004384 1769472
14465012384 2162688
14975603360 1769472
15435088544 1769472
14663979680 2162688
15138394784 1769472
15597879968 1769472
15875319456 2162688
16414615200 1769472
16874100384 1769472
15974803104 2162688
16496010912 1769472
16955496096 1769472
16158631584 2162688
16646416032 1769472
17105901216 1769472
17348344480 2162688
17904941728 1769472
18364426912 1769472
17571101344 2162688
18087197344 1769472
18546682528 1769472
17642470048 2162688
18145589920 1769472
18605075104 1769472
17744116384 2162688
18228755104 1769472
18688240288 1769472
17806834336 2162688
18280069792 1769472
18739554976 1769472
18972169888 2162688
19521689248 1769472
19981174432 1769472
19054352032 2162688
19588929184 1769472
20048414368 1769472
22170860192 2162688
22703864480 1769472
23163349664 1769472
22380640928 2162688
22875503264 1769472
23334988448 1769472
23622258336 2162688
24176496288 1769472
24635981472 1769472
23894757024 2162688
24399449760 1769472
24858934944 1769472
25341242016 2162688
25871100576 1769472
26330585760 1769472
25386658464 2162688
25908259488 1769472
26367744672 1769472
25726200480 2162688
26186066592 1769472
26645551776 1769472
26803059360 2162688
27347073696 1769472
27806558880 1769472
26824686240 2162688
27364768416 1769472
27824253600 1769472
27237759648 2162688
27702737568 1769472
28162222752 1769472
28304199328 2162688
28860403360 1769472
29319888544 1769472
28343127712 2162688
28892253856 1769472
29351739040 1769472
28397194912 2162688
28936490656 1769472
29395975840 1769472
28518305440 2162688
29035581088 1769472
29495066272 1769472
30118929056 2162688
30630306464 1769472
31089791648 1769472
31515672224 2162688
32061259424 1769472
32520744608 1769472
31526485664 2162688
32070106784 1769472
32529591968 1769472
31850888864 2162688
32335527584 1769472
32795012768 1769472
34623529632 2162688
35169116832 1769472
35628602016 1769472
34954420896 2162688
35439846048 1769472
35899331232 1769472
37787423392 2162688
38331044512 1769472
38790529696 1769472
38068572832 2162688
38561075872 1769472
39020561056 1769472
38113989280 2162688
38598234784 1769472
39057719968 1769472
39257891488 2162688
39814095520 1769472
40273580704 1769472
41286727328 2162688
41759176352 1769472
42218661536 1769472
42443999904 2162688
42991159968 1769472
43450645152 1769472
42454813344 2162688
43000007328 1769472
43459492512 1769472
42562947744 2162688
43088480928 1769472
43547966112 1769472
42694871712 2162688
43196418720 1769472
43655903904 1769472
44398716576 2162688
44878636704 1769472
45338121888 1769472
44463597216 2162688
44931720864 1769472
45391206048 1769472
44465759904 2162688
44933490336 1769472
45392975520 1769472
45546944160 2162688
46098036384 1769472
46557521568 1769472
47493597856 2162688
47975877280 1769472
48435362464 1769472
47593081504 2162688
48057272992 1769472
48516758176 1769472
48923369120 2162688
49430814368 1769472
49200193184 2162688
49657306784 1769472
1722542752 2162688
2273241760 1769472
2732726944 1769472
1917184672 2162688
2432494240 1769472
2891979424 1769472
2170219168 2162688
2639522464 1769472
3099007648 1769472
2191846048 2162688
2657217184 1769472
3116702368 1769472
3366420128 2162688
3903356576 1769472
4362841760 1769472
3481042592 2162688
3997138592 1769472
4456623776 1769472
3593502368 2162688
4089151136 1769472
4548636320 1769472
4835119776 2162688
5390144160 1769472
5849629344 1769472
4852421280 2162688
5404299936 1769472
5863785120 1769472
4917301920 2162688
5457384096 1769472
5916869280 1769472
5215752864 2162688
5701571232 1769472
6161056416 1769472
5308748448 2162688
5777658528 1769472
6237143712 1769472
8199749280 2162688
8711126688 1769472
9170611872 1769472
9560314528 2162688
10109440672 1769472
10568925856 1769472
9638171296 2162688
10173141664 1769472
10632626848 1769472
9798210208 2162688
10304082592 1769472
10763567776 1769472
11085244064 2162688
11642234528 1769472
12101719712 1769472
11199866528 2162688
11736016544 1769472
12195501728 1769472
11422623392 2162688
11918272160 1769472
12377757344 1769472
13158908576 2162688
13627032224 1769472
14086517408 1769472
13176210080 2162688
13641188000 1769472
14100673184 1769472
14235767456 2162688
14788039328 1769472
15247524512 1769472
14242255520 2162688
14793347744 1769472
15252832928 1769472
14361203360 2162688
14890668704 1769472
15350153888 1769472
14415270560 2162688
14934905504 1769472
15394390688 1769472
14514754208 2162688
15016301216 1769472
15475786400 1769472
14720209568 2162688
15184401056 1769472
15643886240 1769472
14750487200 2162688
15209173664 1769472
15668658848 1769472
16165119648 2162688
16651724448 1769472
17111209632 1769472
17428363936 2162688
17970412192 1769472
18429897376 1769472
17510546080 2162688
18037652128 1769472
18497137312 1769472
19119232672 2162688
19642013344 1769472
20101498528 1769472
19404707488 2162688
19875583648 1769472
20335068832 1769472
20693509792 2162688
21209999008 1769472
21669484192 1769472
20732438176 2162688
21241849504 1769472
21701334688 1769472
20812457632 2162688
21307319968 1769472
21766805152 1769472
22382803616 2162688
22877272736 1769472
23336757920 1769472
22452009632 2162688
22933895840 1769472
23393381024 1769472
22469311136 2162688
22948051616 1769472
23407536800 1769472
23693627040 2162688
24234888864 1769472
24694374048 1769472
23695789728 2162688
24236658336 1769472
24696143520 1769472
23706603168 2162688
24245505696 1769472
24704990880 1769472
23838527136 2162688
24353443488 1769472
24812928672 1769472
23970451104 2162688
24461381280 1769472
24920866464 1769472
24033169056 2162688
24512695968 1769472
24972181152 1769472
25200667296 2162688
25756084896 1769472
26215570080 1769472
25217968800 2162688
25770240672 1769472
26229725856 1769472
25297988256 2162688
25835711136 1769472
26295196320 1769472
25455864480 2162688
25964882592 1769472
26424367776 1769472
26991213216 2162688
27501017760 1769472
27960502944 1769472
28810268320 2162688
29274459808 1769472
29733944992 1769472
29872382624 2162688
30428586656 1769472
30888071840 1769472
29926449824 2162688
30472823456 1769472
30932308640 1769472
29958890144 2162688
30499365536 1769472
30958850720 1769472
29961052832 2162688
30501135008 1769472
30960620192 1769472
30281130656 2162688
30763016864 1769472
31222502048 1769472
31623806624 2162688
32149733024 1769472
32609218208 1769472
31677873824 2162688
32193969824 1769472
32653455008 1769472
31933071008 2162688
32402767520 1769472
32862252704 1769472
36392842912 2162688
36901861024 1769472
37361346208 1769472
36673992352 2162688
37131892384 1769472
37591377568 1769472
39649338016 2162688
40134369952 1769472
40593855136 1769472
39759635104 2162688
40224613024 1769472
40684098208 1769472
40862840480 2162688
41412359840 1769472
41871845024 1769472
41150477984 2162688
41647699616 1769472
42107184800 1769472
41345119904 2162688
41806952096 1769472
42266437280 1769472
43985643168 2162688
44540667552 1769472
45000152736 1769472
44191098528 2162688
44708767392 1769472
45168252576 1769472
45598848672 2162688
46140503712 1769472
46599988896 1769472
45648590496 2162688
46181201568 1769472
46640686752 1769472
47547665056 2162688
48020114080 1769472
48479599264 1769472
49001225888 2162688
49494515360 1769472
1852304032 2162688
2379410080 1769472
2838895264 1769472
1902045856 2162688
2420107936 1769472
2879593120 1769472
1971251872 2162688
2476731040 1769472
2936216224 1769472
1995041440 2162688
2496195232 1769472
2955680416 1769472
2066410144 2162688
2554587808 1769472
3014072992 1769472
2150754976 2162688
2623597216 1769472
3083082400 1769472
3398860448 2162688
3929898656 1769472
4389383840 1769472
3474554528 2162688
3991830176 1769472
4451315360 1769472
3539435168 2162688
4044914336 1769472
4504399520 1769472
3760029344 2162688
4225400480 1769472
4684885664 1769472
4876210848 2162688
5423764128 1769472
5883249312 1769472
4923789984 2162688
5462692512 1769472
5922177696 1769472
4932440736 2162688
5469770400 1769472
5929255584 1769472
4973531808 2162688
5503390368 1769472
5962875552 1769472
7976992416 2162688
8528871072 1769472
8988356256 1769472
8035384992 2162688
8576646816 1769472
9036132000 1769472
8407367328 2162688
8880996000 1769472
9340481184 1769472
8424668832 2162688
8895151776 1769472
9354636960 1769472
9612219040 2162688
10151908000 1769472
10611393184 1769472
9666286240 2162688
10196144800 1769472
10655629984 1769472
9912832672 2162688
10397864608 1769472
10857349792 1769472
11191215776 2162688
11728938656 1769472
12188423840 1769472
12888572576 2162688
13405848224 1769472
13865333408 1769472
13074563744 2162688
13558022816 1769472
14017508000 1769472
13143769760 2162688
13614645920 1769472
14074131104 1769472
14244418208 2162688
14795117216 1769472
15254602400 1769472
14430409376 2162688
14947291808 1769472
15406776992 1769472
14538543776 2162688
15035765408 1769472
15495250592 1769472
14718046880 2162688
15182631584 1769472
15642116768 1769472
15890458272 2162688
16427001504 1769472
16886486688 1769472
16031032992 2162688
16542017184 1769472
17001502368 1769472
17739791008 2162688
18225216160 1769472
18684701344 1769472
18939729568 2162688
19495147168 1769472
19954632352 1769472
19110581920 2162688
19634935456 1769472
20094420640 1769472
19411195552 2162688
19880892064 1769472
20340377248 1769472
20708648608 2162688
21222385312 1769472
21681870496 1769472
20758390432 2162688
21263083168 1769472
21722568352 1769472
20918429344 2162688
21394024096 1769472
21853509280 1769472
22192487072 2162688
22721559200 1769472
23181044384 1769472
25743501984 2162688
26200222368 1769472
26659707552 1769472
26863614624 2162688
27396618912 1769472
27856104096 1769472
26952284832 2162688
27469167264 1769472
27928652448 1769472
27015002784 2162688
27520481952 1769472
27979967136 1769472
27025816224 2162688
27529329312 1769472
27988814496 1769472
27040955040 2162688
27541715616 1769472
28001200800 1769472
28302036640 2162688
28858633888 1769472
29318119072 1769472
29937263264 2162688
30481670816 1769472
30941156000 1769472
30012957344 2162688
30543602336 1769472
31003087520 1769472
30025933472 2162688
30554219168 1769472
31013704352 1769472
30172996256 2162688
30674543264 1769472
31134028448 1769472
31833587360 2162688
32321371808 1769472
32780856992 1769472
31840075424 2162688
32326680224 1769472
32786165408 1769472
31902793376 2162688
32377994912 1769472
32837480096 1769472
33249988256 2162688
33760186016 1769472
34219671200 1769472
34614878880 2162688
35162038944 1769472
35621524128 1769472
36669666976 2162688
37128353440 1769472
37587838624 1769472
37783098016 2162688
38327505568 1769472
38786990752 1769472
37958275744 2162688
38470832800 1769472
38930317984 1769472
39603921568 2162688
40097211040 1769472
40556696224 1769472
40893118112 2162688
41437132448 1769472
41896617632 1769472
41146152608 2162688
41644160672 1769472
42103645856 1769472
42469952160 2162688
43012393632 1769472
43471878816 1769472
42472114848 2162688
43014163104 1769472
43473648288 1769472
42485090976 2162688
43024779936 1769472
43484265120 1769472
42543483552 2162688
43072555680 1769472
43532040864 1769472
42569435808 2162688
43093789344 1769472
43553274528 1769472
42893839008 2162688
43359210144 1769472
43818695328 1769472
44485224096 2162688
44949415584 1769472
45408900768 1769472
46048687776 2162688
46508553888 1769472
46968039072 1769472
1785260704 2162688
2324556448 1769472
2784041632 1769472
1806887584 2162688
2342251168 1769472
2801736352 1769472
2046945952 2162688
2538662560 1769472
2998147744 1769472
3362094752 2162688
3899817632 1769472
4359302816 1769472
3394535072 2162688
3926359712 1769472
4385844896 1769472
3522133664 2162688
4030758560 1769472
4490243744 1769472
3658383008 2162688
4142235296 1769472
4601720480 1769472
3779493536 2162688
4241325728 1769472
4700810912 1769472
4856746656 2162688
5407838880 1769472
5867324064 1769472
4891349664 2162688
5436150432 1769472
5895635616 1769472
5118431904 2162688
5621944992 1769472
6081430176 1769472
6428667552 2162688
6982119072 1769472
7441604256 1769472
6699003552 2162688
7203303072 1769472
7662788256 1769472
6800649888 2162688
7286468256 1769472
7745953440 1769472
8160820896 2162688
8679276192 1769472
9138761376 1769472
8217050784 2162688
8725282464 1769472
9184767648 1769472
8329510560 2162688
8817295008 1769472
9276780192 1769472
8359788192 2162688
8842067616 1769472
9301552800 1769472
8439807648 2162688
8907538080 1769472
9367023264 1769472
9549501088 2162688
10100593312 1769472
10560078496 1769472
9692238496 2162688
10217378464 1769472
10676863648 1769472
9858765472 2162688
10353627808 1769472
10813112992 1769472
9932296864 2162688
10413789856 1769472
10873275040 1769472
11165263520 2162688
11707704992 1769472
12167190176 1769472
12711232160 2162688
13260751520 1769472
13720236704 1769472
12946965152 2162688
13453623968 1769472
13913109152 1769472
13124305568 2162688
13598720672 1769472
14058205856 1769472
13197836960 2162688
13658882720 1769472
14118367904 1769472
15777998496 2162688
16334988960 1769472
16794474144 1769472
15801788064 2162688
16354453152 1769472
16813938336 1769472
15814764192 2162688
16365069984 1769472
16824555168 1769472
15879644832 2162688
16418154144 1769472
16877639328 1769472
16022382240 2162688
16534939296 1769472
16994424480 1769472
16035358368 2162688
16545556128 1769472
17005041312 1769472
16104564384 2162688
16602179232 1769472
17061664416 1769472
17454316192 2162688
17991645856 1769472
18451131040 1769472
17471617696 2162688
18005801632 1769472
18465286816 1769472
17625168544 2162688
18131434144 1769472
18590919328 1769472
17668422304 2162688
18166823584 1769472
18626308768 1769472
17703025312 2162688
18195135136 1769472
18654620320 1769472
17860901536 2162688
18324306592 1769472
18783791776 1769472
18954868384 2162688
19507533472 1769472
19967018656 1769472
18961356448 2162688
19512841888 1769472
19972327072 1769472
19201414816 2162688
19709253280 1769472
20168738464 1769472
20537796256 2162688
21082597024 1769472
21542082208 1769472
22185999008 2162688
22716250784 1769472
23175735968 1769472
22214113952 2162688
22739253920 1769472
23198739104 1769472
22341712544 2162688
22843652768 1769472
23303137952 1769472
22359014048 2162688
22857808544 1769472
23317293728 1769472
22570957472 2162688
23031216800 1769472
23490701984 1769472
23620095648 2162688
24174726816 1769472
24634212000 1769472
23674162848 2162688
24218963616 1769472
24678448800 1769472
23684976288 2162688
24227810976 1769472
24687296160 1769472
23730392736 2162688
24264969888 1769472
24724455072 1769472
23866642080 2162688
24376446624 1769472
24835931808 1769472
23903407776 2162688
24406527648 1769472
24866012832 1769472
23953149600 2162688
24447225504 1769472
24906710688 1769472
25237432992 2162688
25786165920 1769472
26245651104 1769472
25263385248 2162688
25807399584 1769472
26266884768 1769472
25520745120 2162688
26017966752 1769472
26477451936 1769472
25551022752 2162688
26042739360 1769472
26502224544 1769472
25717549728 2162688
26178988704 1769472
26638473888 1769472
27064744608 2162688
27561179808 1769472
28020664992 1769472
27248573088 2162688
27711584928 1769472
28171070112 1769472
28648066720 2162688
29141749408 1769472
29601234592 1769472
28760526496 2162688
29233761952 1769472
29693247136 1769472
28812431008 2162688
29276229280 1769472
29735714464 1769472
28814593696 2162688
29277998752 1769472
29737483936 1769472
31541624480 2162688
32082493088 1769472
32541978272 1769472
31548112544 2162688
32087801504 1769472
32547286688 1769472
31550275232 2162688
32089570976 1769472
32549056160 1769472
31786008224 2162688
32282443424 1769472
32741928608 1769472
33025068704 2162688
33576160928 1769472
34035646112 1769472
33126715040 2162688
33659326112 1769472
34118811296 1769472
33165643424 2162688
33691176608 1769472
34150661792 1769472
33282428576 2162688
33786728096 1769472
34246213280 1769472
33464094368 2162688
33935363744 1769472
34394848928 1769472
34766267040 2162688
35285901984 1769472
35745387168 1769472
34770592416 2162688
35289440928 1769472
35748926112 1769472
36286871200 2162688
36815156896 1769472
37274642080 1769472
36652365472 2162688
37114197664 1769472
37573682848 1769472
39286006432 2162688
39837098656 1769472
40296583840 1769472
39523902112 2162688
40031740576 1769472
40491225760 1769472
39582294688 2162688
40079516320 1769472
40539001504 1769472
39638524576 2162688
40125522592 1769472
40585007776 1769472
39800726176 2162688
40258232992 1769472
40717718176 1769472
41319167648 2162688
41785718432 1769472
42245203616 1769472
41355933344 2162688
41815799456 1769472
42275284640 1769472
41368909472 2162688
41826416288 1769472
42285901472 1769472
42433186464 2162688
42982312608 1769472
43441797792 1769472
42725149344 2162688
43221191328 1769472
43680676512 1769472
45709145760 2162688
46230746784 1769472
46690231968 1769472
47167031968 2162688
47708687008 1769472
48168172192 1769472
1690102432 2162688
2246699680 1769472
2706184864 1769472
2124802720 2162688
2602363552 1769472
3061848736 1769472
2142104224 2162688
2616519328 1769472
3076004512 1769472
3312352928 2162688
3859119776 1769472
4318604960 1769472
4826469024 2162688
5383066272 1769472
5842551456 1769472
4869722784 2162688
5418455712 1769472
5877940896 1769472
5252518560 2162688
5731652256 1769472
6191137440 1769472
5356327584 2162688
5816586912 1769472
6276072096 1769472
8236514976 2162688
8741207712 1769472
9200692896 1769472
9592754848 2162688
10135982752 1769472
10595467936 1769472
9899856544 2162688
10387247776 1769472
10846732960 1769472
10023129760 2162688
10488107680 1769472
10947592864 1769472
11323139744 2162688
11836876448 1769472
12296361632 1769472
11532920480 2162688
12008515232 1769472
12468000416 1769472
12726370976 2162688
13273137824 1769472
13732623008 1769472
14237930144 2162688
14789808800 1769472
15249293984 1769472
15795300000 2162688
16349144736 1769472
16808629920 1769472
15806113440 2162688
16357992096 1769472
16817477280 1769472
15948850848 2162688
16474777248 1769472
16934262432 1769472
16085100192 2162688
16586253984 1769472
17045739168 1769472
16124028576 2162688
16618104480 1769472
17077589664 1769472
16206210720 2162688
16685344416 1769472
17144829600 1769472
16273254048 2162688
16740198048 1769472
17199683232 1769472
17434852000 2162688
17975720608 1769472
18435205792 1769472
17575426720 2162688
18090736288 1769472
18550221472 1769472
17709513376 2162688
18200443552 1769472
18659928736 1769472
17895504544 2162688
18352618144 1769472
18812103328 1769472
19309549216 2162688
19797726880 1769472
20257212064 1769472
19344152224 2162688
19826038432 1769472
20285523616 1769472
19406870176 2162688
19877353120 1769472
20336838304 1769472
20769203872 2162688
21271930528 1769472
21731415712 1769472
20795156128 2162688
21293164192 1769472
21752649376 1769472
20864362144 2162688
21349787296 1769472
21809272480 1769472
20901127840 2162688
21379868320 1769472
21839353504 1769472
20950869664 2162688
21420566176 1769472
21880051360 1769472
21013587616 2162688
21471880864 1769472
21931366048 1769472
22298458784 2162688
22808263328 1769472
23267748512 1769472
22510402208 2162688
22981671584 1769472
23441156768 1769472
23609282208 2162688
24165879456 1769472
24625364640 1769472
23868804768 2162688
24378216096 1769472
24837701280 1769472
23976939168 2162688
24466689696 1769472
24926174880 1769472
24026680992 2162688
24507387552 1769472
24966872736 1769472
25313127072 2162688
25848097440 1769472
26307582624 1769472
25408285344 2162688
25925954208 1769472
26385439392 1769472
26833336992 2162688
27371846304 1769472
27831331488 1769472
26861451936 2162688
27394849440 1769472
27854334624 1769472
26880916128 2162688
27410774688 1769472
27870259872 1769472
26999863968 2162688
27508095648 1769472
27967580832 1769472
27196668576 2162688
27669117600 1769472
28128602784 1769472
28332314272 2162688
28883406496 1769472
29342891680 1769472
28392869536 2162688
28932951712 1769472
29392436896 1769472
28531281568 2162688
29046197920 1769472
29505683104 1769472
29898334880 2162688
30449820320 1769472
30909305504 1769472
30023770784 2162688
30552449696 1769472
31011934880 1769472
30188135072 2162688
30686929568 1769472
31146414752 1769472
30192460448 2162688
30690468512 1769472
31149953696 1769472
30291944096 2162688
30771864224 1769472
31231349408 1769472
30317896352 2162688
30793097888 1769472
31252583072 1769472
31872515744 2162688
32353222304 1769472
32812707488 1769472
33211059872 2162688
33728335520 1769472
34187820704 1769472
33215385248 2162688
33731874464 1769472
34191359648 1769472
33293242016 2162688
33795575456 1769472
34255060640 1769472
33304055456 2162688
33804422816 1769472
34263908000 1769472
33537625760 2162688
33995525792 1769472
34455010976 1769472
36336613024 2162688
36855854752 1769472
37315339936 1769472
36457723552 2162688
36954945184 1769472
37414430368 1769472
37729030816 2162688
38283268768 1769472
38742753952 1769472
37746332320 2162688
38297424544 1769472
38756909728 1769472
37817701024 2162688
38355817120 1769472
38815302304 1769472
37912859296 2162688
38433673888 1769472
38893159072 1769472
38224286368 2162688
38688477856 1769472
39147963040 1769472
40849864352 2162688
41401743008 1769472
41861228192 1769472
41271588512 2162688
41746790048 1769472
42206275232 1769472
42528344736 2162688
43060169376 1769472
43519654560 1769472
44405204640 2162688
44883945120 1769472
45343430304 1769472
44435482272 2162688
44908717728 1769472
45368202912 1769472
45990295200 2162688
46460778144 1769472
46920263328 1769472
47441693344 2162688
47933409952 1769472
48392895136 1769472
47476296352 2162688
47961721504 1769472
48421206688 1769472
48739540640 2162688
49280409248 1769472
1841490592 2162688
2370562720 1769472
2830047904 1769472
1884744352 2162688
2405952160 1769472
2865437344 1769472
1973414560 2162688
2478500512 1769472
2937985696 1769472
2206984864 2162688
2669603488 1769472
3129088672 1769472
2219960992 2162688
2680220320 1769472
3139705504 1769472
2228611744 2162688
2687298208 1769472
3146783392 1769472
3502669472 2162688
4014833312 1769472
4474318496 1769472
3552411296 2162688
4055531168 1769472
4515016352 1769472
3747053216 2162688
4214783648 1769472
4674268832 1769472
3794632352 2162688
4253712032 1769472
4713197216 1769472
4889186976 2162688
5434380960 1769472
5893866144 1769472
4897837728 2162688
5441458848 1769472
5900944032 1769472
5055713952 2162688
5570630304 1769472
6030115488 1769472
5092479648 2162688
5600711328 1769472
6060196512 1769472
5101130400 2162688
5607789216 1769472
6067274400 1769472
6424342176 2162688
6978580128 1769472
7438065312 1769472
8435482272 2162688
8903999136 1769472
9363484320 1769472
9828487840 2162688
10328855200 1769472
10788340384 1769472
11247445664 2162688
11774944928 1769472
12234430112 1769472
11279885984 2162688
11801487008 1769472
12260972192 1769472
11416135328 2162688
11912963744 1769472
12372448928 1769472
11552384672 2162688
12024440480 1769472
12483925664 1769472
13206487712 2162688
13665960608 1769472
14125445792 1769472
14233604768 2162688
14786269856 1769472
15245755040 1769472
14300648096 2162688
14841123488 1769472
15300608672 1769472
14313624224 2162688
14851740320 1769472
15311225504 1769472
14493127328 2162688
14998606496 1769472
15458091680 1769472
14700745376 2162688
15168475808 1769472
15627960992 1769472
14733185696 2162688
15195017888 1769472
15654503072 1769472
15797462688 2162688
16350914208 1769472
16810399392 1769472
15972640416 2162688
16494241440 1769472
16953726624 1769472
16154306208 2162688
16642877088 1769472
17102362272 1769472
16255952544 2162688
16726042272 1769472
17185527456 1769472
18931078816 2162688
19488069280 1769472
19947554464 1769472
18950543008 2162688
19503994528 1769472
19963479712 1769472
19091117728 2162688
19619010208 1769472
20078495392 1769472
19093280416 2162688
19620779680 1769472
20080264864 1769472
19393894048 2162688
19866736288 1769472
20326221472 1769472
19476076192 2162688
19933976224 1769472
20393461408 1769472
20773529248 2162688
21275469472 1769472
21734954656 1769472
20792993440 2162688
21291394720 1769472
21750879904 1769472
20801644192 2162688
21298472608 1769472
21757957792 1769472
20818945696 2162688
21312628384 1769472
21772113568 1769472
20885989024 2162688
21367482016 1769472
21826967200 1769472
22043261600 2162688
22599465632 1769472
23058950816 1769472
22291970720 2162688
22802954912 1769472
23262440096 1769472
22477961888 2162688
22955129504 1769472
23414614688 1769472
22490938016 2162688
22965746336 1769472
23425231520 1769472
22534191776 2162688
23001135776 1769472
23460620960 1769472
23611444896 2162688
24167648928 1769472
24627134112 1769472
23648210592 2162688
24197729952 1769472
24657215136 1769472
23961800352 2162688
24454303392 1769472
24913788576 1769472
24158604960 2162688
24615325344 1769472
25074810528 1769472
25419098784 2162688
25934801568 1769472
26394286752 1769472
25611578016 2162688
26092284576 1769472
26551769760 1769472
25682946720 2162688
26150677152 1769472
26610162336 1769472
26740341408 2162688
27295759008 1769472
27755244192 1769472
26913356448 2162688
27437316768 1769472
27896801952 1769472
26997701280 2162688
27506326176 1769472
27965811360 1769472
28360429216 2162688
28906409632 1769472
29365894816 1769472
28555071136 2162688
29065662112 1769472
29525147296 1769472
28557233824 2162688
29067431584 1769472
29526916768 1769472
28639415968 2162688
29134671520 1769472
29594156704 1769472
28795129504 2162688
29262073504 1769472
29721558688 1769472
29956727456 2162688
30497596064 1769472
30957081248 1769472
30114603680 2162688
30626767520 1769472
31086252704 1769472
30229226144 2162688
30720549536 1769472
31180034720 1769472
30250853024 2162688
30738244256 1769472
31197729440 1769472
31509184160 2162688
32055951008 1769472
32515436192 1769472
31781682848 2162688
32278904480 1769472
32738389664 1769472
