24489202752 2580480
25078363200 2162688
25638511680 2162688
19656195136 2162688
20157742144 1769472
20617227328 1769472
10064836672 2162688
10598627392 1769472
11058112576 1769472
6898586688 2162688
7442994240 1769472
7902479424 1769472
5421824064 2162688
5946570816 1769472
6406056000 1769472
8689132608 2162688
9187927104 1769472
9647412288 1769472
19597802560 2162688
20109966400 1769472
20569451584 1769472
20992576576 2162688
21531085888 1769472
21990571072 1769472
10387077184 2162688
10862278720 1769472
11321763904 1769472
276059200 1769472
20988251200 2162688
21527546944 1769472
21987032128 1769472
4009354304 2162688
4505789504 1769472
4965274688 1769472
6993744960 2162688
7520851008 1769472
7980336192 1769472
17716288 1769472
732807232 2162688
1259913280 1769472
1719398464 1769472
771735616 2162688
1291763776 1769472
1751248960 1769472
215897152 1769472
11806035008 2162688
12308368448 1769472
12767853632 1769472
7233803328 2162688
7717262400 1769472
8176747584 1769472
2544980032 2162688
3022540864 1769472
3482026048 1769472
19660520512 2162688
20161281088 1769472
20620766272 1769472
5711624256 2162688
6183680064 1769472
6643165248 1769472
22986809408 2162688
23447855168 1769472
23907340352 1769472
2291945536 2162688
2815512640 1769472
3274997824 1769472
10229200960 2162688
10733107264 1769472
11192592448 1769472
21055294528 2162688
21582400576 1769472
22041885760 1769472
10028070976 2162688
10568546368 1769472
11028031552 1769472
24633709632 2580480
25199473728 2162688
25759622208 2162688
19829210176 2162688
20299299904 1769472
20758785088 1769472
18125365312 2162688
18617081920 1769472
19076567104 1769472
13466626112 2162688
13955196992 1769472
14414682176 1769472
5566724160 2162688
6065125440 1769472
6524610624 1769472
4039631936 2162688
4530562112 1769472
4990047296 1769472
24393724992 2580480
24998343744 2162688
25558492224 2162688
260133952 1769472
901496896 2162688
1397932096 1769472
1857417280 1769472
8702108736 2162688
9198543936 1769472
9658029120 1769472
10092951616 2162688
10621630528 1769472
11081115712 1769472
2464960576 2162688
2957070400 1769472
3416555584 1769472
6961304640 2162688
7494308928 1769472
7953794112 1769472
22664568896 2162688
23184203840 1769472
23643689024 1769472
7071601728 2162688
7584552000 1769472
8044037184 1769472
8485839936 2162688
9021596736 1769472
9481081920 1769472
17900445760 2162688
18433056832 1769472
18892542016 1769472
3760645184 2162688
4302300224 1769472
4761785408 1769472
1065861184 2162688
1532411968 1769472
1991897152 1769472
21252099136 2162688
21743422528 1769472
22202907712 1769472
6954816576 2162688
7489000512 1769472
7948485696 1769472
267211840 1769472
5702973504 2162688
6176602176 1769472
6636087360 1769472
16295496768 2162688
16834792512 1769472
17294277696 1769472
18233499712 2162688
18705555520 1769472
19165040704 1769472
12020141120 2162688
12483546176 1769472
12943031360 1769472
11687087168 2162688
12211047488 1769472
12670532672 1769472
13207103552 2162688
13742860352 1769472
14202345536 1769472
11607067712 2162688
12145577024 1769472
12605062208 1769472
19716750400 2162688
20207287360 1769472
20666772544 1769472
26024284224 2162688
26562400320 1769472
27021885504 1769472
8872961088 2162688
9338332224 1769472
9797817408 1769472
13157361728 2162688
13702162496 1769472
14161647680 1769472
424694848 1769472
26076188736 2162688
26604867648 1769472
27064352832 1769472
1011793984 2162688
1488175168 1769472
1947660352 1769472
18112389184 2162688
18606465088 1769472
19065950272 1769472
19749190720 2162688
20233829440 1769472
20693314624 1769472
22982484032 2162688
23444316224 1769472
23903801408 1769472
10248665152 2162688
10749032512 1769472
11208517696 1769472
11533536320 2162688
12085414976 1769472
12544900160 1769472
13261170752 2162688
13787097152 1769472
14246582336 1769472
14915467328 2162688
15420553280 1769472
15880038464 1769472
1042071616 2162688
1512947776 1769472
1972432960 1769472
161043520 1769472
5795969088 2162688
6252689472 1769472
6712174656 1769472
13336864832 2162688
13849028672 1769472
14308513856 1769472
21396999232 2162688
21861977152 1769472
22321462336 1769472
118576192 1769472
13246031936 2162688
13774710848 1769472
14234196032 1769472
25989681216 2162688
26534088768 1769472
26993573952 1769472
21191543872 2162688
21693877312 1769472
22153362496 1769472
2590396480 2162688
3059699776 1769472
3519184960 1769472
5473728576 2162688
5989038144 1769472
6448523328 1769472
311448640 1769472
8656692288 2162688
9161385024 1769472
9620870208 1769472
15092807744 2162688
15565649984 1769472
16025135168 1769472
11587603520 2162688
12129651776 1769472
12589136960 1769472
860405824 2162688
1364312128 1769472
1823797312 1769472
5436962880 2162688
5958957120 1769472
6418442304 1769472
21219658816 2162688
21716880448 1769472
22176365632 1769472
2281132096 2162688
2806665280 1769472
3266150464 1769472
14640805952 2162688
15195830336 1769472
15655315520 1769472
9993467968 2162688
10540234816 1769472
10999720000 1769472
3691439168 2162688
4245677120 1769472
4705162304 1769472
8695620672 2162688
9193235520 1769472
9652720704 1769472
8732386368 2162688
9223316544 1769472
9682801728 1769472
19788119104 2162688
20265679936 1769472
20725165120 1769472
21310491712 2162688
21791198272 1769472
22250683456 1769472
8509629504 2162688
9041060928 1769472
9500546112 1769472
680902720 2162688
1217445952 1769472
1676931136 1769472
8671831104 2162688
9173771328 1769472
9633256512 1769472
5462915136 2162688
5980190784 1769472
6439675968 1769472
5454264384 2162688
5973112896 1769472
6432598080 1769472
3864454208 2162688
4387234880 1769472
4846720064 1769472
7367889984 2162688
7826969664 1769472
8286454848 1769472
10384914496 2162688
10860509248 1769472
11319994432 1769472
24125355072 2580480
24773424192 2162688
25333572672 2162688
442389568 1769472
4037469248 2162688
4528792640 1769472
4988277824 1769472
5300713536 2162688
5847480384 1769472
6306965568 1769472
11542187072 2162688
12092492864 1769472
12551978048 1769472
13388769344 2162688
13891496000 1769472
14350981184 1769472
15062530112 2162688
15540877376 1769472
16000362560 1769472
689553472 2162688
1224523840 1769472
1684009024 1769472
795525184 2162688
1311227968 1769472
1770713152 1769472
7240291392 2162688
7722570816 1769472
8182056000 1769472
11814685760 2162688
12315446336 1769472
12774931520 1769472
16340913216 2162688
16871951424 1769472
17331436608 1769472
21014203456 2162688
21548780608 1769472
22008265792 1769472
5491030080 2162688
6003193920 1769472
6462679104 1769472
8390681664 2162688
8943739968 1769472
9403225152 1769472
14906816576 2162688
15413475392 1769472
15872960576 1769472
24267281472 2580480
24892372032 2162688
25452520512 2162688
2309247040 2162688
2829668416 1769472
3289153600 1769472
2514702400 2162688
2997768256 1769472
3457253440 1769472
3697927232 2162688
4250985536 1769472
4710470720 1769472
24102130752 2580480
24753960000 2162688
25314108480 2162688
26087002176 2162688
26613715008 1769472
27073200192 1769472
836616256 2162688
1344847936 1769472
1804333120 1769472
2307084352 2162688
2827898944 1769472
3287384128 1769472
2488750144 2162688
2976534592 1769472
3436019776 1769472
5657557056 2162688
6139443264 1769472
6598928448 1769472
11537861696 2162688
12088953920 1769472
12548439104 1769472
10430330944 2162688
10897668160 1769472
11357153344 1769472
11808197696 2162688
12310137920 1769472
12769623104 1769472
17915584576 2162688
18445443136 1769472
18904928320 1769472
21072596032 2162688
21596556352 1769472
22056041536 1769472
26346524736 2162688
26826051648 1769472
27285536832 1769472
5599164480 2162688
6091667520 1769472
6551152704 1769472
16280357952 2162688
16822406208 1769472
17281891392 1769472
26251366464 2162688
26748194880 1769472
27207680064 1769472
3953124416 2162688
4459783232 1769472
4919268416 1769472
7283545152 2162688
7757960256 1769472
8217445440 1769472
22941392960 2162688
23410696256 1769472
23870181440 1769472
1035583552 2162688
1507639360 1769472
1967124544 1769472
25985355840 2162688
26530549824 1769472
26990035008 1769472
145118272 1769472
6829380672 2162688
7386371136 1769472
7845856320 1769472
6894261312 2162688
7439455296 1769472
7898940480 1769472
7129994304 2162688
7632327744 1769472
8091812928 1769472
11950935104 2162688
12426923072 1769472
12886408256 1769472
15166339136 2162688
15625812032 1769472
16085297216 1769472
16375516224 2162688
16900262976 1769472
17359748160 1769472
16663153728 2162688
17135602752 1769472
17595087936 1769472
19455065152 2162688
19993181248 1769472
20452666432 1769472
7026185280 2162688
7547393088 1769472
8006878272 1769472
13464463424 2162688
13953427520 1769472
14412912704 1769472
1059373120 2162688
1527103552 1769472
1986588736 1769472
2557956160 2162688
3033157696 1769472
3492642880 1769472
3847152704 2162688
4373079104 1769472
4832564288 1769472
6974280768 2162688
7504925760 1769472
7964410944 1769472
13252520000 2162688
13780019264 1769472
14239504448 1769472
14772729920 2162688
15303768128 1769472
15763253312 1769472
19413974080 2162688
19959561280 1769472
20419046464 1769472
19775142976 2162688
20255063104 1769472
20714548288 1769472
22714310720 2162688
23224901696 1769472
23684386880 1769472
357454912 1769472
698204224 2162688
1231601728 1769472
1691086912 1769472
2603372608 2162688
3070316608 1769472
3529801792 1769472
5279086656 2162688
5829785664 1769472
6289270848 1769472
7056462912 2162688
7572165696 1769472
8031650880 1769472
8613438528 2162688
9125995584 1769472
9585480768 1769472
17898283072 2162688
18431287360 1769472
18890772544 1769472
19584826432 2162688
20099349568 1769472
20558834752 1769472
6965630016 2162688
7497847872 1769472
7957333056 1769472
11881729088 2162688
12370299968 1769472
12829785152 1769472
13284960320 2162688
13806561344 1769472
14266046528 1769472
15101458496 2162688
15572727872 1769472
16032213056 1769472
17805287488 2162688
18355200064 1769472
18814685248 1769472
18088599616 2162688
18587000896 1769472
19046486080 1769472
22924091456 2162688
23396540480 1769472
23856025664 1769472
24184706112 2580480
24823166016 2162688
25383314496 2162688
25957240896 2162688
26507546688 1769472
26967031872 1769472
5441288256 2162688
5962496064 1769472
6421981248 1769472
16379841600 2162688
16903801920 1769472
17363287104 1769472
19615104064 2162688
20124122176 1769472
20583607360 1769472
24491783232 2580480
25080525888 2162688
25640674368 2162688
5413173312 2162688
5939492928 1769472
6398978112 1769472
8388518976 2162688
8941970496 1769472
9401455680 1769472
9961027648 2162688
10513692736 1769472
10973177920 1769472
13605038144 2162688
14068443200 1769472
14527928384 1769472
21001227328 2162688
21538163776 1769472
21997648960 1769472
22722961472 2162688
23231979584 1769472
23691464768 1769472
1031258176 2162688
1504100416 1769472
1963585600 1769472
10038884416 2162688
10577393728 1769472
11036878912 1769472
293753920 1769472
7132156992 2162688
7634097216 1769472
8093582400 1769472
13496903744 2162688
13979969600 1769472
14439454784 1769472
22543458368 2162688
23085113408 1769472
23544598592 1769472
26099978304 2162688
26624331840 1769472
27083817024 1769472
26227576896 2162688
26728730688 1769472
27188215872 1769472
7222989888 2162688
7708415040 1769472
8167900224 1769472
16667479104 2162688
17139141696 1769472
17598626880 1769472
24437593152 2580480
25035109440 2162688
25595257920 2162688
231822400 1769472
8699946048 2162688
9196774464 1769472
9656259648 1769472
10114578496 2162688
10639325248 1769472
11098810432 1769472
16606923840 2162688
17089596480 1769472
17549081664 1769472
17816100928 2162688
18364047424 1769472
18823532608 1769472
21076921408 2162688
21600095296 1769472
22059580480 1769472
2516865088 2162688
2999537728 1769472
3459022912 1769472
2629324864 2162688
3091550272 1769472
3551035456 1769472
10090788928 2162688
10619861056 1769472
11079346240 1769472
11734666304 2162688
12249975872 1769472
12709461056 1769472
13352003648 2162688
13861414976 1769472
14320900160 1769472
17980465216 2162688
18498527296 1769472
18958012480 1769472
21070433344 2162688
21594786880 1769472
22054272064 1769472
26078351424 2162688
26606637120 1769472
27066122304 1769472
3678463040 2162688
4235060288 1769472
4694545472 1769472
8697783360 2162688
9195004992 1769472
9654490176 1769472
9937238080 2162688
10494228544 1769472
10953713728 1769472
14642968640 2162688
15197599808 1769472
15657084992 1769472
19641056320 2162688
20145355840 1769472
20604841024 1769472
13289285696 2162688
13810100288 1769472
14269585472 1769472
13468788800 2162688
13956966464 1769472
14416451648 1769472
14645131328 2162688
15199369280 1769472
15658854464 1769472
14673246272 2162688
15222372416 1769472
15681857600 1769472
22541295680 2162688
23083343936 1769472
23542829120 1769472
22911115328 2162688
23385923648 1769472
23845408832 1769472
754434112 2162688
1277608000 1769472
1737093184 1769472
3966100544 2162688
4470400064 1769472
4929885248 1769472
13297936448 2162688
13817178176 1769472
14276663360 1769472
16213314624 2162688
16767552576 1769472
17227037760 1769472
17880981568 2162688
18417131584 1769472
18876616768 1769472
24040199232 2580480
24702055488 2162688
25262203968 2162688
24576939072 2580480
25151894592 2162688
25712043072 2162688
26301108288 2162688
26788892736 1769472
27248377920 1769472
191124544 1769472
5246646336 2162688
5803243584 1769472
6262728768 1769472
8734549056 2162688
9225086016 1769472
9684571200 1769472
8834032704 2162688
9306481728 1769472
9765966912 1769472
10147018816 2162688
10665867328 1769472
11125352512 1769472
16200338496 2162688
16756935744 1769472
17216420928 1769472
16676129856 2162688
17146219584 1769472
17605704768 1769472
143348800 1769472
2246529088 2162688
2778353728 1769472
3237838912 1769472
11680599104 2162688
12205739072 1769472
12665224256 1769472
14759753792 2162688
15293151296 1769472
15752636480 1769472
17835565120 2162688
18379972672 1769472
18839457856 1769472
22720798784 2162688
23230210112 1769472
23689695296 1769472
26279481408 2162688
26771198016 1769472
27230683200 1769472
5579700288 2162688
6075742272 1769472
6535227456 1769472
7264080960 2162688
7742035008 1769472
8201520192 1769472
8529093696 2162688
9056986176 1769472
9516471360 1769472
8593974336 2162688
9110070336 1769472
9569555520 1769472
14917630016 2162688
15422322752 1769472
15881807936 1769472
16211151936 2162688
16765783104 1769472
17225268288 1769472
16325774400 2162688
16859565120 1769472
17319050304 1769472
18010742848 2162688
18523299904 1769472
18982785088 1769472
19420462144 2162688
19964869696 1769472
20424354880 1769472
21094222912 2162688
21614251072 1769472
22073736256 1769472
22759727168 2162688
23262060608 1769472
23721545792 1769472
217666624 1769472
7080252480 2162688
7591629888 1769472
8051115072 1769472
11909844032 2162688
12393303104 1769472
12852788288 1769472
14636480576 2162688
15192291392 1769472
15651776576 1769472
14692710464 2162688
15238297664 1769472
15697782848 1769472
14956558400 2162688
15454173248 1769472
15913658432 1769472
17787985984 2162688
18341044288 1769472
18800529472 1769472
20938509376 2162688
21486849088 1769472
21946334272 1769472
21020691520 2162688
21554089024 1769472
22013574208 1769472
230052928 1769472
5415336000 2162688
5941262400 1769472
6400747584 1769472
13425535040 2162688
13921577024 1769472
14381062208 1769472
22770540608 2162688
23270907968 1769472
23730393152 1769472
24654353472 2580480
25216775232 2162688
25776923712 2162688
25965891648 2162688
26514624576 1769472
26974109760 1769472
1063698496 2162688
1530642496 1769472
1990127680 1769472
3695764544 2162688
4249216064 1769472
4708701248 1769472
3758482496 2162688
4300530752 1769472
4760015936 1769472
3963937856 2162688
4468630592 1769472
4928115776 1769472
9958864960 2162688
10511923264 1769472
10971408448 1769472
10103765056 2162688
10630477888 1769472
11089963072 1769472
11581115456 2162688
12124343360 1769472
12583828544 1769472
20962298944 2162688
21506313280 1769472
21965798464 1769472
24120194112 2580480
24769098816 2162688
25329247296 2162688
26461147200 2162688
26919833664 1769472
27379318848 1769472
107959360 1769472
226513984 1769472
3823363136 2162688
4353614912 1769472
4813100096 1769472
11907681344 2162688
12391533632 1769472
12851018816 1769472
12048256064 2162688
12506549312 1769472
12966034496 1769472
16306310208 2162688
16843639872 1769472
17303125056 1769472
16390655040 2162688
16912649280 1769472
17372134464 1769472
16719383616 2162688
17181609024 1769472
17641094208 1769472
17781497920 2162688
18335735872 1769472
18795221056 1769472
18151317568 2162688
18638315584 1769472
19097800768 1769472
22599688256 2162688
23131119680 1769472
23590604864 1769472
23006273600 2162688
23463780416 1769472
23923265600 1769472
2374127680 2162688
2882752576 1769472
3342237760 1769472
5398034496 2162688
5927106624 1769472
6386591808 1769472
5653231680 2162688
6135904320 1769472
6595389504 1769472
7307334720 2162688
7777424448 1769472
8236909632 1769472
10066999360 2162688
10600396864 1769472
11059882048 1769472
14807332928 2162688
15332079680 1769472
15791564864 1769472
17848541248 2162688
18390589504 1769472
18850074688 1769472
18307031104 2162688
18765717568 1769472
19225202752 1769472
24553714752 2580480
25132430400 2162688
25692578880 2162688
24569197632 2580480
25145406528 2162688
25705555008 2162688
24664675392 2580480
25225425984 2162688
25785574464 2162688
25922637888 2162688
26479235136 1769472
26938720320 1769472
25994006592 2162688
26537627712 1769472
26997112896 1769472
399922240 1769472
11868752960 2162688
12359683136 1769472
12819168320 1769472
13293611072 2162688
13813639232 1769472
14273124416 1769472
13611526208 2162688
14073751616 1769472
14533236800 1769472
13630990400 2162688
14089676864 1769472
14549162048 1769472
16252243008 2162688
16799403072 1769472
17258888256 1769472
16321449024 2162688
16856026176 1769472
17315511360 1769472
16604761152 2162688
17087827008 1769472
17547312192 1769472
18229174336 2162688
18702016576 1769472
19161501760 1769472
19872463936 2162688
20334689344 1769472
20794174528 1769472
21035830336 2162688
21566475328 1769472
22025960512 1769472
22898139200 2162688
23375306816 1769472
23834792000 1769472
24045360192 2580480
24706380864 2162688
25266529344 2162688
24636290112 2580480
25201636416 2162688
25761784896 2162688
26119442496 2162688
26640257088 1769472
27099742272 1769472
378688576 1769472
428233792 1769472
4072072256 2162688
4557104192 1769472
5016589376 1769472
10015094848 2162688
10557929536 1769472
11017414720 1769472
11630857280 2162688
12165041216 1769472
12624526400 1769472
11633019968 2162688
12166810688 1769472
12626295872 1769472
13615851584 2162688
14077290560 1769472
14536775744 1769472
18021556288 2162688
18532147264 1769472
18991632448 1769472
18062647360 2162688
18565767232 1769472
19025252416 1769472
18272428096 2162688
18737406016 1769472
19196891200 1769472
19535084608 2162688
20058651712 1769472
20518136896 1769472
21280214080 2162688
21766425664 1769472
22225910848 1769472
25963728960 2162688
26512855104 1769472
26972340288 1769472
26318409792 2162688
26803048512 1769472
27262533696 1769472
2315735104 2162688
2834976832 1769472
3294462016 1769472
6874797120 2162688
7423530048 1769472
7883015232 1769472
8632902720 2162688
9141920832 1769472
9601406016 1769472
13172500544 2162688
13714548800 1769472
14174033984 1769472
13473114176 2162688
13960505408 1769472
14419990592 1769472
20940672064 2162688
21488618560 1769472
21948103744 1769472
21236960320 2162688
21731036224 1769472
22190521408 1769472
646299712 2162688
1189134400 1769472
1648619584 1769472
2289782848 2162688
2813743168 1769472
3273228352 1769472
2380615744 2162688
2888060992 1769472
3347546176 1769472
2547142720 2162688
3024310336 1769472
3483795520 1769472
3933660224 2162688
4443857984 1769472
4903343168 1769472
6863983680 2162688
7414682688 1769472
7874167872 1769472
8812405824 2162688
9288787008 1769472
9748272192 1769472
11834149952 2162688
12331371584 1769472
12790856768 1769472
13146548288 2162688
13693315136 1769472
14152800320 1769472
13364979776 2162688
13872031808 1769472
14331516992 1769472
13514205248 2162688
13994125376 1769472
14453610560 1769472
16468511808 2162688
16976350272 1769472
17435835456 1769472
16611249216 2162688
17093135424 1769472
17552620608 1769472
18079948864 2162688
18579923008 1769472
19039408192 1769472
18082111552 2162688
18581692480 1769472
19041177664 1769472
19863813184 2162688
20327611456 1769472
20787096640 1769472
22733774912 2162688
23240826944 1769472
23700312128 1769472
24597582912 2580480
25169196096 2162688
25729344576 2162688
24682738752 2580480
25240564800 2162688
25800713280 2162688
26011308096 2162688
26551783488 1769472
27011268672 1769472
26344362048 2162688
26824282176 1769472
27283767360 1769472
26348687424 2162688
26827821120 1769472
27287306304 1769472
2378453056 2162688
2886291520 1769472
3345776704 1769472
2538491968 2162688
3017232448 1769472
3476717632 1769472
8669668416 2162688
9172001856 1769472
9631487040 1769472
8888099904 2162688
9350718528 1769472
9810203712 1769472
11743317056 2162688
12257053760 1769472
12716538944 1769472
14824634432 2162688
15346235456 1769472
15805720640 1769472
17766359104 2162688
18323349568 1769472
18782834752 1769472
18185920576 2162688
18666627136 1769472
19126112320 1769472
19381533760 2162688
19933019200 1769472
20392504384 1769472
22978158656 2162688
23440777280 1769472
23900262464 1769472
26080514112 2162688
26608406592 1769472
27067891776 1769472
26128093248 2162688
26647334976 1769472
27106820160 1769472
8847008832 2162688
9317098560 1769472
9776583744 1769472
10190272576 2162688
10701256768 1769472
11160741952 1769472
10315708480 2162688
10803886144 1769472
11263371328 1769472
11565976640 2162688
12111957056 1769472
12571442240 1769472
14761916480 2162688
15294920768 1769472
15754405952 1769472
14859237440 2162688
15374547008 1769472
15834032192 1769472
14993324096 2162688
15484254272 1769472
15943739456 1769472
15004137536 2162688
15493101632 1769472
15952586816 1769472
17913421888 2162688
18443673664 1769472
18903158848 1769472
19478854720 2162688
20012645440 1769472
20472130624 1769472
19779468352 2162688
20258602048 1769472
20718087232 1769472
22515343424 2162688
23062110272 1769472
23521595456 1769472
22692683840 2162688
23207206976 1769472
23666692160 1769472
24656933952 2580480
25218937920 2162688
25779086400 2162688
26192973888 2162688
26700419136 1769472
27159904320 1769472
198202432 1769472
2525515840 2162688
3006615616 1769472
3466100800 1769472
2653114432 2162688
3111014464 1769472
3570499648 1769472
5339641920 2162688
5879330880 1769472
6338816064 1769472
8792941632 2162688
9272861760 1769472
9732346944 1769472
10019420224 2162688
10561468480 1769472
11020953664 1769472
10131880000 2162688
10653481024 1769472
11112966208 1769472
11540024384 2162688
12090723392 1769472
12550208576 1769472
11953097792 2162688
12428692544 1769472
12888177728 1769472
14831122496 2162688
15351543872 1769472
15811029056 1769472
14932768832 2162688
15434709056 1769472
15894194240 1769472
16338750528 2162688
16870181952 1769472
17329667136 1769472
18012905536 2162688
18525069376 1769472
18984554560 1769472
18060484672 2162688
18563997760 1769472
19023482944 1769472
18311356480 2162688
18769256512 1769472
19228741696 1769472
19355581504 2162688
19911785536 1769472
20371270720 1769472
19396672576 2162688
19945405504 1769472
20404890688 1769472
19645381696 2162688
20148894784 1769472
20608379968 1769472
20979600448 2162688
21520469056 1769472
21979954240 1769472
21221821504 2162688
21718649920 1769472
22178135104 1769472
22621315136 2162688
23148814400 1769472
23608299584 1769472
22688358464 2162688
23203668032 1769472
23663153216 1769472
24063423552 2580480
24721519680 2162688
25281668160 2162688
24254379072 2580480
24881558592 2162688
25441707072 2162688
24311149632 2580480
24929137728 2162688
25489286208 2162688
24548553792 2580480
25128105024 2162688
25688253504 2162688
24685319232 2580480
25242727488 2162688
25802875968 2162688
25983193152 2162688
26528780352 1769472
26988265536 1769472
26363826240 2162688
26840207424 1769472
27299692608 1769472
7099456 1769472
155735104 1769472
639811648 2162688
1183825984 1769472
1643311168 1769472
2229227584 2162688
2764197952 1769472
3223683136 1769472
2495238208 2162688
2981843008 1769472
3441328192 1769472
3896894528 2162688
4413776960 1769472
4873262144 1769472
4007191616 2162688
4504020032 1769472
4963505216 1769472
10021582912 2162688
10563237952 1769472
11022723136 1769472
10032396352 2162688
10572085312 1769472
11031570496 1769472
11782245440 2162688
12288904256 1769472
12748389440 1769472
14744614976 2162688
15280764992 1769472
15740250176 1769472
15066855488 2162688
15544416320 1769472
16003901504 1769472
16570158144 2162688
17059515456 1769472
17519000640 1769472
19876789312 2162688
20338228288 1769472
20797713472 1769472
21048806464 2162688
21577092160 1769472
22036577344 1769472
22783516736 2162688
23281524800 1769472
23741009984 1769472
22874349632 2162688
23355842624 1769472
23815327808 1769472
22913278016 2162688
23387693120 1769472
23847178304 1769472
24238896192 2580480
24868582464 2162688
25428730944 2162688
24396305472 2580480
25000506432 2162688
25560654912 2162688
26266505280 2162688
26760581184 1769472
27220066368 1769472
14177344 1769472
422925376 1769472
618184768 2162688
1166131264 1769472
1625616448 1769472
2493075520 2162688
2980073536 1769472
3439558720 1769472
3702252608 2162688
4254524480 1769472
4714009664 1769472
4106675264 2162688
4585415744 1769472
5044900928 1769472
4108837952 2162688
4587185216 1769472
5046670400 1769472
5274761280 2162688
5826246720 1769472
6285731904 1769472
5564561472 2162688
6063355968 1769472
6522841152 1769472
8624251968 2162688
9134842944 1769472
9594328128 1769472
10136205376 2162688
10657019968 1769472
11116505152 1769472
11576790080 2162688
12120804416 1769472
12580289600 1769472
11959585856 2162688
12434000960 1769472
12893486144 1769472
14638643264 2162688
15194060864 1769472
15653546048 1769472
14679734336 2162688
15227680832 1769472
15687166016 1769472
14694873152 2162688
15240067136 1769472
15699552320 1769472
15053879360 2162688
15533799488 1769472
15993284672 1769472
16308472896 2162688
16845409344 1769472
17304894528 1769472
17842053184 2162688
18385281088 1769472
18844766272 1769472
18071298112 2162688
18572845120 1769472
19032330304 1769472
18073460800 2162688
18574614592 1769472
19034099776 1769472
18153480256 2162688
18640085056 1769472
19099570240 1769472
19543735360 2162688
20065729600 1769472
20525214784 1769472
19591314496 2162688
20104657984 1769472
20564143168 1769472
19634568256 2162688
20140047424 1769472
20599532608 1769472
19881114688 2162688
20341767232 1769472
20801252416 1769472
21351582784 2162688
21824818240 1769472
22284303424 1769472
22472089664 2162688
23026720832 1769472
23486206016 1769472
22811631680 2162688
23304527936 1769472
23764013120 1769472
22878675008 2162688
23359381568 1769472
23818866752 1769472
24029877312 2580480
24693404736 2162688
25253553216 2162688
24509846592 2580480
25095664704 2162688
25655813184 2162688
26158370880 2162688
26672107584 1769472
27131592768 1769472
352146496 1769472
437081152 1769472
581419072 2162688
1136050240 1769472
1595535424 1769472
940425280 2162688
1429782592 1769472
1889267776 1769472
3994215488 2162688
4493403200 1769472
4952888384 1769472
4152091712 2162688
4622574656 1769472
5082059840 1769472
5480216640 2162688
5994346560 1769472
6453831744 1769472
5793806400 2162688
6250920000 1769472
6710405184 1769472
8743199808 2162688
9232163904 1769472
9691649088 1769472
11682761792 2162688
12207508544 1769472
12666993728 1769472
11974724672 2162688
12446387264 1769472
12905872448 1769472
12046093376 2162688
12504779840 1769472
12964265024 1769472
13098969152 2162688
13654386752 1769472
14113871936 1769472
13116270656 2162688
13668542528 1769472
14128027712 1769472
13412558912 2162688
13910960192 1769472
14370445376 1769472
14710011968 2162688
15252453440 1769472
15711938624 1769472
16366865472 2162688
16893185088 1769472
17352670272 1769472
19444251712 2162688
19984333888 1769472
20443819072 1769472
21066107968 2162688
21591247936 1769472
22050733120 1769472
21120175168 2162688
21635484736 1769472
22094969920 1769472
21323467840 2162688
21801815104 1769472
22261300288 1769472
22495879232 2162688
23046185024 1769472
23505670208 1769472
22523994176 2162688
23069188160 1769472
23528673344 1769472
22787842112 2162688
23285063744 1769472
23744548928 1769472
24042779712 2580480
24704218176 2162688
25264366656 2162688
24262120512 2580480
24888046656 2162688
25448195136 2162688
24416949312 2580480
25017807936 2162688
25577956416 2162688
26182160448 2162688
26691571776 1769472
27151056960 1769472
26268667968 2162688
26762350656 1769472
27221835840 1769472
222975040 1769472
449467456 1769472
728481856 2162688
1256374336 1769472
1715859520 1769472
4000703552 2162688
4498711616 1769472
4958196800 1769472
7253267520 2162688
7733187648 1769472
8192672832 1769472
7378703424 2162688
7835817024 1769472
8295302208 1769472
8503141440 2162688
9035752512 1769472
9495237696 1769472
8682644544 2162688
9182618688 1769472
9642103872 1769472
10438981696 2162688
10904746048 1769472
11364231232 1769472
11553000512 2162688
12101340224 1769472
12560825408 1769472
12050418752 2162688
12508318784 1769472
12967803968 1769472
13429860416 2162688
13925115968 1769472
14384601152 1769472
14671083584 2162688
15220602944 1769472
15680088128 1769472
17911259200 2162688
18441904192 1769472
18901389376 1769472
19411811392 2162688
19957791808 1769472
20417276992 1769472
19468041280 2162688
20003798080 1769472
20463283264 1769472
19470203968 2162688
20005567552 1769472
20465052736 1769472
19643219008 2162688
20147125312 1769472
20606610496 1769472
21256424512 2162688
21746961472 1769472
22206446656 1769472
25961566272 2162688
26511085632 1769472
26970570816 1769472
26054561856 2162688
26587172928 1769472
27046658112 1769472
26134581312 2162688
26652643392 1769472
27112128576 1769472
26389778496 2162688
26861441088 1769472
27320926272 1769472
286676032 1769472
717668416 2162688
1247526976 1769472
1707012160 1769472
862568512 2162688
1366081600 1769472
1825566784 1769472
981516352 2162688
1463402560 1769472
1922887744 1769472
2532003904 2162688
3011924032 1769472
3471409216 1769472
2633650240 2162688
3095089216 1769472
3554574400 1769472
3713066048 2162688
4263371840 1769472
4722857024 1769472
4203996224 2162688
4665041984 1769472
5124527168 1769472
5305038912 2162688
5851019328 1769472
6310504512 1769472
5718112320 2162688
6188988480 1769472
6648473664 1769472
7093228608 2162688
7602246720 1769472
8061731904 1769472
7380866112 2162688
7837586496 1769472
8297071680 1769472
8764826688 2162688
9249858624 1769472
9709343808 1769472
12043930688 2162688
12503010368 1769472
12962495552 1769472
13416884288 2162688
13914499136 1769472
14373984320 1769472
14746777664 2162688
15282534464 1769472
15742019648 1769472
14781380672 2162688
15310846016 1769472
15770331200 1769472
14805170240 2162688
15330310208 1769472
15789795392 1769472
16219802688 2162688
16772860992 1769472
17232346176 1769472
16256568384 2162688
16802942016 1769472
17262427200 1769472
16583134272 2162688
17070132288 1769472
17529617472 1769472
17792311360 2162688
18344583232 1769472
18804068416 1769472
17891795008 2162688
18425978944 1769472
18885464128 1769472
17993441344 2162688
18509144128 1769472
18968629312 1769472
18214035520 2162688
18689630272 1769472
19149115456 1769472
20932021312 2162688
21481540672 1769472
21941025856 1769472
22991134784 2162688
23451394112 1769472
23910879296 1769472
24035038272 2580480
24697730112 2162688
25257878592 2162688
24073745472 2580480
24730170432 2162688
25290318912 2162688
26002657344 2162688
26544705600 1769472
27004190784 1769472
26471960640 2162688
26928681024 1769472
27388166208 1769472
2460635200 2162688
2953531456 1769472
3413016640 1769472
3944473664 2162688
4452705344 1769472
4912190528 1769472
3955287104 2162688
4461552704 1769472
4921037888 1769472
4115326016 2162688
4592493632 1769472
5051978816 1769472
4199670848 2162688
4661503040 1769472
5120988224 1769472
5287737408 2162688
5836863552 1769472
6296348736 1769472
8546395200 2162688
9071141952 1769472
9530627136 1769472
8663180352 2162688
9166693440 1769472
9626178624 1769472
8814568512 2162688
9290556480 1769472
9750041664 1769472
13137897536 2162688
13686237248 1769472
14145722432 1769472
13150873664 2162688
13696854080 1769472
14156339264 1769472
14701361216 2162688
15245375552 1769472
15704860736 1769472
14785706048 2162688
15314384960 1769472
15773870144 1769472
16710732864 2162688
17174531136 1769472
17634016320 1769472
18086436928 2162688
18585231424 1769472
19044716608 1769472
18265940032 2162688
18732097600 1769472
19191582784 1769472
19727563840 2162688
20216134720 1769472
20675619904 1769472
22565085248 2162688
23102808128 1769472
23562293312 1769472
22623477824 2162688
23150583872 1769472
23610069056 1769472
22761889856 2162688
23263830080 1769472
23723315264 1769472
24463397952 2580480
25056736320 2162688
25616884800 2162688
25926963264 2162688
26482774080 1769472
26942259264 1769472
26275156032 2162688
26767659072 1769472
27227144256 1769472
797687872 2162688
1312997440 1769472
1772482624 1769472
2389266496 2162688
2895138880 1769472
3354624064 1769472
2562281536 2162688
3036696640 1769472
3496181824 1769472
3773621312 2162688
4312917056 1769472
4772402240 1769472
3879593024 2162688
4399621184 1769472
4859106368 1769472
4143440960 2162688
4615496768 1769472
5074981952 1769472
6950491200 2162688
7485461568 1769472
7944946752 1769472
7272731712 2162688
7749112896 1769472
8208598080 1769472
7274894400 2162688
7750882368 1769472
8210367552 1769472
8451236928 2162688
8993285184 1769472
9452770368 1769472
8477189184 2162688
9014518848 1769472
9474004032 1769472
8782128192 2162688
9264014400 1769472
9723499584 1769472
9963190336 2162688
10515462208 1769472
10974947392 1769472
11853614144 2162688
12347296832 1769472
12806782016 1769472
13105457216 2162688
13659695168 1769472
14119180352 1769472
13228730432 2162688
13760555072 1769472
14220040256 1769472
13438511168 2162688
13932193856 1769472
14391679040 1769472
13620176960 2162688
14080829504 1769472
14540314688 1769472
14748940352 2162688
15284303936 1769472
15743789120 1769472
16284683328 2162688
16825945152 1769472
17285430336 1769472
16301984832 2162688
16840100928 1769472
17299586112 1769472
16349563968 2162688
16879029312 1769472
17338514496 1769472
16403631168 2162688
16923266112 1769472
17382751296 1769472
16565832768 2162688
17055976512 1769472
17515461696 1769472
18248638528 2162688
18717941824 1769472
19177427008 1769472
19770817600 2162688
20251524160 1769472
20711009344 1769472
21345094720 2162688
21819509824 1769472
22278995008 1769472
22660243520 2162688
23180664896 1769472
23640150080 1769472
22826770496 2162688
23316914240 1769472
23776399424 1769472
24251798592 2580480
24879395904 2162688
25439544384 2162688
24349856832 2580480
24961578048 2162688
25521726528 2162688
25974542400 2162688
26521702464 1769472
26981187648 1769472
26147557440 2162688
26663260224 1769472
27122745408 1769472
26350850112 2162688
26829590592 1769472
27289075776 1769472
72569920 1769472
572768320 2162688
1128972352 1769472
1588457536 1769472
730644544 2162688
1258143808 1769472
1717628992 1769472
899334208 2162688
1396162624 1769472
1855647808 1769472
942587968 2162688
1431552064 1769472
1891037248 1769472
2612023360 2162688
3077394496 1769472
3536879680 1769472
3961775168 2162688
4466861120 1769472
4926346304 1769472
5651068992 2162688
6134134848 1769472
6593620032 1769472
8533419072 2162688
9060525120 1769472
9520010304 1769472
8676156480 2162688
9177310272 1769472
9636795456 1769472
8779965504 2162688
9262244928 1769472
9721730112 1769472
10157832256 2162688
10674714688 1769472
11134199872 1769472
10265966656 2162688
10763188288 1769472
11222673472 1769472
10408704064 2162688
10879973440 1769472
11339458624 1769472
13226567744 2162688
13758785600 1769472
14218270784 1769472
13613688896 2162688
14075521088 1769472
14535006272 1769472
13622339648 2162688
14082598976 1769472
14542084160 1769472
14712174656 2162688
15254222912 1769472
15713708096 1769472
14766241856 2162688
15298459712 1769472
15757944896 1769472
15036577856 2162688
15519643712 1769472
15979128896 1769472
16221965376 2162688
16774630464 1769472
17234115648 1769472
16291171392 2162688
16831253568 1769472
17290738752 1769472
16312798272 2162688
16848948288 1769472
17308433472 1769472
16656665664 2162688
17130294336 1769472
17589779520 1769472
17775009856 2162688
18330427456 1769472
18789912640 1769472
18036695104 2162688
18544533568 1769472
19004018752 1769472
19463715904 2162688
20000259136 1769472
20459744320 1769472
19586989120 2162688
20101119040 1769472
20560604224 1769472
19638893632 2162688
20143586368 1769472
20603071552 1769472
21215333440 2162688
21713341504 1769472
22172826688 1769472
21362396224 2162688
21833665600 1769472
22293150784 1769472
22508855360 2162688
23056801856 1769472
23516287040 1769472
22675382336 2162688
23193051200 1769472
23652536384 1769472
22677545024 2162688
23194820672 1769472
23654305856 1769472
22744588352 2162688
23249674304 1769472
23709159488 1769472
22906789952 2162688
23382384704 1769472
23841869888 1769472
24050521152 2580480
24710706240 2162688
25270854720 2162688
24130516032 2580480
24777749568 2162688
25337898048 2162688
24344695872 2580480
24957252672 2162688
25517401152 2162688
24672416832 2580480
25231914048 2162688
25792062528 2162688
26314084416 2162688
26799509568 1769472
27258994752 1769472
613859392 2162688
1162592320 1769472
1622077504 1769472
626835520 2162688
1173209152 1769472
1632694336 1769472
773898304 2162688
1293533248 1769472
1753018432 1769472
951238720 2162688
1438629952 1769472
1898115136 1769472
2136232000 2162688
2688110656 1769472
3147595840 1769472
2222739520 2162688
2758889536 1769472
3218374720 1769472
2326548544 2162688
2843824192 1769472
3303309376 1769472
2382778432 2162688
2889830464 1769472
3349315648 1769472
2445496384 2162688
2941145152 1769472
3400630336 1769472
3855803456 2162688
4380156992 1769472
4839642176 1769472
3883918400 2162688
4403160128 1769472
4862645312 1769472
3892569152 2162688
4410238016 1769472
4869723200 1769472
3901219904 2162688
4417315904 1769472
4876801088 1769472
4043957312 2162688
4534101056 1769472
4993586240 1769472
4195345472 2162688
4657964096 1769472
5117449280 1769472
5501843520 2162688
6012041280 1769472
6471526464 1769472
5555910720 2162688
6056278080 1769472
6515763264 1769472
5787318336 2162688
6245611584 1769472
6705096768 1769472
6946165824 2162688
7481922624 1769472
7941407808 1769472
8416633920 2162688
8964973632 1769472
9424458816 1769472
8615601216 2162688
9127765056 1769472
9587250240 1769472
8738874432 2162688
9228624960 1769472
9688110144 1769472
10198923328 2162688
10708334656 1769472
11167819840 1769472
11658972224 2162688
12188044352 1769472
12647529536 1769472
11916332096 2162688
12398611520 1769472
12858096704 1769472
13522856000 2162688
14001203264 1769472
14460688448 1769472
13555296320 2162688
14027745344 1769472
14487230528 1769472
14677571648 2162688
15225911360 1769472
15685396544 1769472
15142549568 2162688
15606347840 1769472
16065833024 1769472
16228453440 2162688
16779938880 1769472
17239424064 1769472
16384166976 2162688
16907340864 1769472
17366826048 1769472
16479325248 2162688
16985197632 1769472
17444682816 1769472
16622062656 2162688
17101982784 1769472
17561467968 1769472
18002092096 2162688
18516222016 1769472
18975707200 1769472
18114551872 2162688
18608234560 1769472
19067719744 1769472
19498318912 2162688
20028570688 1769472
20488055872 1769472
20957973568 2162688
21502774336 1769472
21962259520 1769472
20968787008 2162688
21511621696 1769472
21971106880 1769472
20973112384 2162688
21515160640 1769472
21974645824 1769472
21180730432 2162688
21685029952 1769472
22144515136 1769472
21239123008 2162688
21732805696 1769472
22192290880 1769472
21401324608 2162688
21865516096 1769472
22325001280 1769472
22463438912 2162688
23019642944 1769472
23479128128 1769472
22482903104 2162688
23035568192 1769472
23495053376 1769472
22526156864 2162688
23070957632 1769472
23530442816 1769472
22619152448 2162688
23147044928 1769472
23606530112 1769472
22662406208 2162688
23182434368 1769472
23641919552 1769472
22668894272 2162688
23187742784 1769472
23647227968 1769472
22684033088 2162688
23200129088 1769472
23659614272 1769472
22703497280 2162688
23216054336 1769472
23675539520 1769472
22707822656 2162688
23219593280 1769472
23679078464 1769472
22768377920 2162688
23269138496 1769472
23728623680 1769472
22844072000 2162688
23331070016 1769472
23790555200 1769472
24091808832 2580480
24745309248 2162688
25305457728 2162688
24205349952 2580480
24840467520 2162688
25400616000 2162688
25944264768 2162688
26496929856 1769472
26956415040 1769472
25955078208 2162688
26505777216 1769472
26965262400 1769472
26311921728 2162688
26797740096 1769472
27257225280 1769472
26316247104 2162688
26801279040 1769472
27260764224 1769472
70800448 1769472
408769600 1769472
609534016 2162688
1159053376 1769472
1618538560 1769472
769572928 2162688
1289994304 1769472
1749479488 1769472
812826688 2162688
1325383744 1769472
1784868928 1769472
1111277632 2162688
1569570880 1769472
2029056064 1769472
2220576832 2162688
2757120064 1769472
3216605248 1769472
2419544128 2162688
2919911488 1769472
3379396672 1769472
2421706816 2162688
2921680960 1769472
3381166144 1769472
2449821760 2162688
2944684096 1769472
3404169280 1769472
2637975616 2162688
3098628160 1769472
3558113344 1769472
3706577984 2162688
4258063424 1769472
4717548608 1769472
3775784000 2162688
4314686528 1769472
4774171712 1769472
5298550848 2162688
5845710912 1769472
6305196096 1769472
5646743616 2162688
6130595904 1769472
6590081088 1769472
6907237440 2162688
7450072128 1769472
7909557312 1769472
6939677760 2162688
7476614208 1769472
7936099392 1769472
7220827200 2162688
7706645568 1769472
8166130752 1769472
8472863808 2162688
9010979904 1769472
9470465088 1769472
10116741184 2162688
10641094720 1769472
11100579904 1769472
10162157632 2162688
10678253632 1769472
11137738816 1769472
10289756224 2162688
10782652480 1769472
11242137664 1769472
10333009984 2162688
10818041920 1769472
11277527104 1769472
11507584064 2162688
12064181312 1769472
12523666496 1769472
11786570816 2162688
12292443200 1769472
12751928384 1769472
11870915648 2162688
12361452608 1769472
12820937792 1769472
13300099136 2162688
13818947648 1769472
14278432832 1769472
13401745472 2162688
13902112832 1769472
14361598016 1769472
13440673856 2162688
13933963328 1769472
14393448512 1769472
13531506752 2162688
14008281152 1769472
14467766336 1769472
13546645568 2162688
14020667456 1769472
14480152640 1769472
14777055296 2162688
15307307072 1769472
15766792256 1769472
16440396864 2162688
16953347136 1769472
17412832320 1769472
16615574592 2162688
17096674368 1769472
17556159552 1769472
18032369728 2162688
18540994624 1769472
19000479808 1769472
18064810048 2162688
18567536704 1769472
19027021888 1769472
18108063808 2162688
18602926144 1769472
19062411328 1769472
19407486016 2162688
19954252864 1769472
20413738048 1769472
19619429440 2162688
20127661120 1769472
20587146304 1769472
19621592128 2162688
20129430592 1769472
20588915776 1769472
19837860928 2162688
20306377792 1769472
20765862976 1769472
19850837056 2162688
20316994624 1769472
20776479808 1769472
20923370560 2162688
21474462784 1769472
21933947968 1769472
21154778176 2162688
21663796288 1769472
22123281472 1769472
21416463424 2162688
21877902400 1769472
22337387584 1769472
22638616640 2162688
23162970176 1769472
23622455360 1769472
22969507904 2162688
23433699392 1769472
23893184576 1769472
24127935552 2580480
24775586880 2162688
25335735360 2162688
24331793472 2580480
24946439232 2162688
25506587712 2162688
24607904832 2580480
25177846848 2162688
25737995328 2162688
24662094912 2580480
25223263296 2162688
25783411776 2162688
15946816 1769472
136270912 1769472
277828672 1769472
360993856 1769472
415847488 1769472
663601216 2162688
1203290176 1769472
1662775360 1769472
2118930496 2162688
2673954880 1769472
3133440064 1769472
2423869504 2162688
2923450432 1769472
3382935616 1769472
2473611328 2162688
2964148288 1769472
3423633472 1769472
3710903360 2162688
4261602368 1769472
4721087552 1769472
3827688512 2162688
4357153856 1769472
4816639040 1769472
3931497536 2162688
4442088512 1769472
4901573696 1769472
5266110528 2162688
5819168832 1769472
6278654016 1769472
5465077824 2162688
5981960256 1769472
6441445440 1769472
5521307712 2162688
6027966528 1769472
6487451712 1769472
7125668928 2162688
7628788800 1769472
8088273984 1769472
9976166464 2162688
10526079040 1769472
10985564224 1769472
10339498048 2162688
10823350336 1769472
11282835520 1769472
10397890624 2162688
10871126080 1769472
11330611264 1769472
11639508032 2162688
12172119104 1769472
12631604288 1769472
11674111040 2162688
12200430656 1769472
12659915840 1769472
11890379840 2162688
12377377856 1769472
12836863040 1769472
11918494784 2162688
12400380992 1769472
12859866176 1769472
11944447040 2162688
12421614656 1769472
12881099840 1769472
13135734848 2162688
13684467776 1769472
14143952960 1769472
13436348480 2162688
13930424384 1769472
14389909568 1769472
13449324608 2162688
13941041216 1769472
14400526400 1769472
13548808256 2162688
14022436928 1769472
14481922112 1769472
14668920896 2162688
15218833472 1769472
15678318656 1769472
14889515072 2162688
15399319616 1769472
15858804800 1769472
14911141952 2162688
15417014336 1769472
15876499520 1769472
14958721088 2162688
15455942720 1769472
15915427904 1769472
14965209152 2162688
15461251136 1769472
15920736320 1769472
14984673344 2162688
15477176384 1769472
15936661568 1769472
15110109248 2162688
15579805760 1769472
16039290944 1769472
15138224192 2162688
15602808896 1769472
16062294080 1769472
15151200320 2162688
15613425728 1769472
16072910912 1769472
16241429568 2162688
16790555712 1769472
17250040896 1769472
16276032576 2162688
16818867264 1769472
17278352448 1769472
16327937088 2162688
16861334592 1769472
17320819776 1769472
16353889344 2162688
16882568256 1769472
17342053440 1769472
16397143104 2162688
16917957696 1769472
17377442880 1769472
16459861056 2162688
16969272384 1769472
17428757568 1769472
16520416320 2162688
17018817600 1769472
17478302784 1769472
16585296960 2162688
17071901760 1769472
17531386944 1769472
16660991040 2162688
17133833280 1769472
17593318464 1769472
16671804480 2162688
17142680640 1769472
17602165824 1769472
16673967168 2162688
17144450112 1769472
17603935296 1769472
16702082112 2162688
17167453248 1769472
17626938432 1769472
17837727808 2162688
18381742144 1769472
18841227328 1769472
18066972736 2162688
18569306176 1769472
19028791360 1769472
19608616000 2162688
20118813760 1769472
20578298944 1769472
19831372864 2162688
20301069376 1769472
20760554560 1769472
20990413888 2162688
21529316416 1769472
21988801600 1769472
21128825920 2162688
21642562624 1769472
22102047808 1769472
21161266240 2162688
21669104704 1769472
22128589888 1769472
22467764288 2162688
23023181888 1769472
23482667072 1769472
22528319552 2162688
23072727104 1769472
23532212288 1769472
22634291264 2162688
23159431232 1769472
23618916416 1769472
22642942016 2162688
23166509120 1769472
23625994304 1769472
22709985344 2162688
23221362752 1769472
23680847936 1769472
22895976512 2162688
23373537344 1769472
23833022528 1769472
22930579520 2162688
23401848896 1769472
23861334080 1769472
22937067584 2162688
23407157312 1769472
23866642496 1769472
24269861952 2580480
24894534720 2162688
25454683200 2162688
26430869568 2162688
26895061056 1769472
27354546240 1769472
26441683008 2162688
26903908416 1769472
27363393600 1769472
69030976 1769472
587907136 2162688
1141358656 1769472
1600843840 1769472
888520768 2162688
1387315264 1769472
1846800448 1769472
895008832 2162688
1392623680 1769472
1852108864 1769472
959889472 2162688
1445707840 1769472
1905193024 1769472
972865600 2162688
1456324672 1769472
1915809856 1769472
1104789568 2162688
1564262464 1769472
2023747648 1769472
1115603008 2162688
1573109824 1769472
2032595008 1769472
2248691776 2162688
2780123200 1769472
3239608384 1769472
3998540864 2162688
4496942144 1769472
4956427328 1769472
5268273216 2162688
5820938304 1769472
6280423488 1769472
5276923968 2162688
5828016192 1769472
6287501376 1769472
5584025664 2162688
6079281216 1769472
6538766400 1769472
5661882432 2162688
6142982208 1769472
6602467392 1769472
6909400128 2162688
7451841600 1769472
7911326784 1769472
6963467328 2162688
7496078400 1769472
7955563584 1769472
7318148160 2162688
7786271808 1769472
8245756992 1769472
8371217472 2162688
8927814720 1769472
9387299904 1769472
8379868224 2162688
8934892608 1769472
9394377792 1769472
8468538432 2162688
9007440960 1769472
9466926144 1769472
8565859392 2162688
9087067200 1769472
9546552384 1769472
8652366912 2162688
9157846080 1769472
9617331264 1769472
10426005568 2162688
10894129216 1769472
11353614400 1769472
11520560192 2162688
12074798144 1769472
12534283328 1769472
11589766208 2162688
12131421248 1769472
12590906432 1769472
11700063296 2162688
12221664320 1769472
12681149504 1769472
11948772416 2162688
12425153600 1769472
12884638784 1769472
13215754304 2162688
13749938240 1769472
14209423424 1769472
13254682688 2162688
13781788736 1769472
14241273920 1769472
13395257408 2162688
13896804416 1769472
14356289600 1769472
13460138048 2162688
13949888576 1769472
14409373760 1769472
14803007552 2162688
15328540736 1769472
15788025920 1769472
14837610560 2162688
15356852288 1769472
15816337472 1769472
14926280768 2162688
15429400640 1769472
15888885824 1769472
15077668928 2162688
15553263680 1769472
16012748864 1769472
16544205888 2162688
17038281792 1769472
17497766976 1769472
16561507392 2162688
17052437568 1769472
17511922752 1769472
16598273088 2162688
17082518592 1769472
17542003776 1769472
16613411904 2162688
17094904896 1769472
17554390080 1769472
16617737280 2162688
17098443840 1769472
17557929024 1769472
17824751680 2162688
18371125312 1769472
18830610496 1769472
17917747264 2162688
18447212608 1769472
18906697792 1769472
17926398016 2162688
18454290496 1769472
18913775680 1769472
19368557632 2162688
19922402368 1769472
20381887552 1769472
19418299456 2162688
19963100224 1769472
20422585408 1769472
19827047488 2162688
20297530432 1769472
20757015616 1769472
20897418304 2162688
21453229120 1769472
21912714304 1769472
20908231744 2162688
21462076480 1769472
21921561664 1769472
22487228480 2162688
23039107136 1769472
23498592320 1769472
22690521152 2162688
23205437504 1769472
23664922688 1769472
22965182528 2162688
23430160448 1769472
23889645632 1769472
24644031552 2580480
25208124480 2162688
25768272960 2162688
26013470784 2162688
26553552960 1769472
27013038144 1769472
323834944 1769472
912310336 2162688
1406779456 1769472
1866264640 1769472
2270318656 2162688
2797817920 1769472
3257303104 1769472
2506051648 2162688
2990690368 1769472
3450175552 1769472
3756319808 2162688
4298761280 1769472
4758246464 1769472
3937985600 2162688
4447396928 1769472
4906882112 1769472
4026655808 2162688
4519945280 1769472
4979430464 1769472
4100187200 2162688
4580107328 1769472
5039592512 1769472
5378570304 2162688
5911181376 1769472
6370666560 1769472
5395871808 2162688
5925337152 1769472
6384822336 1769472
5739739200 2162688
6206683200 1769472
6666168384 1769472
5757040704 2162688
6220838976 1769472
6680324160 1769472
6928864320 2162688
7467766848 1769472
7927252032 1769472
7052137536 2162688
7568626752 1769472
8028111936 1769472
8725898304 2162688
9218008128 1769472
9677493312 1769472
10025908288 2162688
10566776896 1769472
11026262080 1769472
10043209792 2162688
10580932672 1769472
11040417856 1769472
10283268160 2162688
10777344064 1769472
11236829248 1769472
10456283200 2162688
10918901824 1769472
11378387008 1769472
11678436416 2162688
12203969600 1769472
12663454784 1769472
11775757376 2162688
12283595840 1769472
12743081024 1769472
11899030592 2162688
12384455744 1769472
12843940928 1769472
12011490368 2162688
12476468288 1769472
12935953472 1769472
13166012480 2162688
13709240384 1769472
14168725568 1769472
13470951488 2162688
13958735936 1769472
14418221120 1769472
14666758208 2162688
15217064000 1769472
15676549184 1769472
14941419584 2162688
15441786944 1769472
15901272128 1769472
16535555136 2162688
17031203904 1769472
17490689088 1769472
16650177600 2162688
17124985920 1769472
17584471104 1769472
17794474048 2162688
18346352704 1769472
18805837888 1769472
17965326400 2162688
18486140992 1769472
18945626176 1769472
18168619072 2162688
18652471360 1769472
19111956544 1769472
18261614656 2162688
18728558656 1769472
19188043840 1769472
19465878592 2162688
20002028608 1769472
20461513792 1769472
19667008576 2162688
20166589504 1769472
20626074688 1769472
19855162432 2162688
20320533568 1769472
20780018752 1769472
20921207872 2162688
21472693312 1769472
21932178496 1769472
21243448384 2162688
21736344640 1769472
22195829824 1769472
21360233536 2162688
21831896128 1769472
22291381312 1769472
21394836544 2162688
21860207680 1769472
22319692864 1769472
22498041920 2162688
23047954496 1769472
23507439680 1769472
22506692672 2162688
23055032384 1769472
23514517568 1769472
24153740352 2580480
24797213760 2162688
25357362240 2162688
24561456192 2580480
25138918464 2162688
25699066944 2162688
24628548672 2580480
25195148352 2162688
25755296832 2162688
26162696256 2162688
26675646528 1769472
27135131712 1769472
26402754624 2162688
26872057920 1769472
27331543104 1769472
26437357632 2162688
26900369472 1769472
27359854656 1769472
53105728 1769472
58414144 1769472
1022607424 2162688
1497022528 1769472
1956507712 1769472
1061535808 2162688
1528873024 1769472
1988358208 1769472
1089650752 2162688
1551876160 1769472
2011361344 1769472
2112442432 2162688
2668646464 1769472
3128131648 1769472
2129743936 2162688
2682802240 1769472
3142287424 1769472
2153533504 2162688
2702266432 1769472
3161751616 1769472
2456309824 2162688
2949992512 1769472
3409477696 1769472
3829851200 2162688
4358923328 1769472
4818408512 1769472
3849315392 2162688
4374848576 1769472
4834333760 1769472
3877430336 2162688
4397851712 1769472
4857336896 1769472
4089373760 2162688
4571259968 1769472
5030745152 1769472
4167230528 2162688
4634960960 1769472
5094446144 1769472
5432637504 2162688
5955418176 1769472
6414903360 1769472
5568886848 2162688
6066894912 1769472
6526380096 1769472
8464213056 2162688
9003902016 1769472
9463387200 1769472
10220550208 2162688
10726029376 1769472
11185514560 1769472
10291918912 2162688
10784421952 1769472
11243907136 1769472
11555163200 2162688
12103109696 1769472
12562594880 1769472
11920657472 2162688
12402150464 1769472
12861635648 1769472
11963911232 2162688
12437539904 1769472
12897025088 1769472
14755428416 2162688
15289612352 1769472
15749097536 1769472
14980347968 2162688
15473637440 1769472
15933122624 1769472
15032252480 2162688
15516104768 1769472
15975589952 1769472
16323611712 2162688
16857795648 1769472
17317280832 1769472
16386329664 2162688
16909110336 1769472
17368595520 1769472
16399305792 2162688
16919727168 1769472
17379212352 1769472
16438234176 2162688
16951577664 1769472
17411062848 1769472
16669641792 2162688
17140911168 1769472
17600396352 1769472
16693431360 2162688
17160375360 1769472
17619860544 1769472
17922072640 2162688
18450751552 1769472
18910236736 1769472
18041020480 2162688
18548072512 1769472
19007557696 1769472
18270265408 2162688
18735636544 1769472
19195121728 1769472
18304868416 2162688
18763948096 1769472
19223433280 1769472
19437763648 2162688
19979025472 1769472
20438510656 1769472
19554548800 2162688
20074576960 1769472
20534062144 1769472
19792444480 2162688
20269218880 1769472
20728704064 1769472
20934184000 2162688
21483310144 1769472
21942795328 1769472
21390511168 2162688
21856668736 1769472
22316153920 1769472
22679707712 2162688
23196590144 1769472
23656075328 1769472
22731612224 2162688
23239057472 1769472
23698542656 1769472
22975995968 2162688
23439007808 1769472
23898492992 1769472
24465978432 2580480
25058899008 2162688
25619047488 2162688
25929125952 2162688
26484543552 1769472
26944028736 1769472
25931288640 2162688
26486313024 1769472
26945798208 1769472
26093490240 2162688
26619023424 1769472
27078508608 1769472
26234064960 2162688
26734039104 1769472
27193524288 1769472
26452496448 2162688
26912755776 1769472
27372240960 1769472
221205568 1769472
661438528 2162688
1201520704 1769472
1661005888 1769472
747946048 2162688
1272299584 1769472
1731784768 1769472
2179485760 2162688
2723500096 1769472
3182985280 1769472
2320060480 2162688
2838515776 1769472
3298000960 1769472
2458472512 2162688
2951761984 1769472
3411247168 1769472
2540654656 2162688
3019001920 1769472
3478487104 1769472
2560118848 2162688
3034927168 1769472
3494412352 1769472
3769295936 2162688
4309378112 1769472
4768863296 1769472
3790922816 2162688
4327072832 1769472
4786558016 1769472
3927172160 2162688
4438549568 1769472
4898034752 1769472
4020167744 2162688
4514636864 1769472
4974122048 1769472
4130464832 2162688
4604879936 1769472
5064365120 1769472
4188857408 2162688
4652655680 1769472
5112140864 1769472
5428312128 2162688
5951879232 1769472
6411364416 1769472
5709461568 2162688
6181910592 1769472
6641395776 1769472
6933189696 2162688
7471305792 1769472
7930790976 1769472
6976443456 2162688
7506695232 1769472
7966180416 1769472
7002395712 2162688
7527928896 1769472
7987414080 1769472
7205688384 2162688
7694259264 1769472
8153744448 1769472
7235966016 2162688
7719031872 1769472
8178517056 1769472
8407983168 2162688
8957895744 1769472
9417380928 1769472
8442586176 2162688
8986207296 1769472
9445692480 1769472
8492328000 2162688
9026905152 1769472
9486390336 1769472
8591811648 2162688
9108300864 1769472
9567786048 1769472
8825381952 2162688
9299403840 1769472
9758889024 1769472
10237851712 2162688
10740185152 1769472
11199670336 1769472
10304895040 2162688
10795038784 1769472
11254523968 1769472
10307057728 2162688
10796808256 1769472
11256293440 1769472
10445469760 2162688
10910054464 1769472
11369539648 1769472
11749805120 2162688
12262362176 1769472
12721847360 1769472
11777920064 2162688
12285365312 1769472
12744850496 1769472
12039605312 2162688
12499471424 1769472
12958956608 1769472
13196290112 2162688
13734012992 1769472
14193498176 1769472
13354166336 2162688
13863184448 1769472
14322669632 1769472
13393094720 2162688
13895034944 1769472
14354520128 1769472
14629992512 2162688
15186982976 1769472
15646468160 1769472
14688385088 2162688
15234758720 1769472
15694243904 1769472
14705686592 2162688
15248914496 1769472
15708399680 1769472
14753265728 2162688
15287842880 1769472
15747328064 1769472
14820309056 2162688
15342696512 1769472
15802181696 1769472
14828959808 2162688
15349774400 1769472
15809259584 1769472
14885189696 2162688
15395780672 1769472
15855265856 1769472
15049553984 2162688
15530260544 1769472
15989745728 1769472
15120922688 2162688
15588653120 1769472
16048138304 1769472
16293334080 2162688
16833023040 1769472
17292508224 1769472
16347401280 2162688
16877259840 1769472
17336745024 1769472
16563670080 2162688
17054207040 1769472
17513692224 1769472
16578808896 2162688
17066593344 1769472
17526078528 1769472
17855029312 2162688
18395897920 1769472
18855383104 1769472
17986953280 2162688
18503835712 1769472
18963320896 1769472
18142666816 2162688
18631237696 1769472
19090722880 1769472
18216198208 2162688
18691399744 1769472
19150884928 1769472
18317844544 2162688
18774564928 1769472
19234050112 1769472
19366394944 2162688
19920632896 1769472
20380118080 1769472
19679984704 2162688
20177206336 1769472
20636691520 1769472
20986088512 2162688
21525777472 1769472
21985262656 1769472
21118012480 2162688
21633715264 1769472
22093200448 1769472
21148290112 2162688
21658487872 1769472
22117973056 1769472
21200194624 2162688
21700955200 1769472
22160440384 1769472
24197608512 2580480
24833979456 2162688
25394127936 2162688
24308569152 2580480
24926975040 2162688
25487123520 2162688
24316310592 2580480
24933463104 2162688
25493611584 2162688
24432432192 2580480
25030784064 2162688
25590932544 2162688
26035097664 2162688
26571247680 1769472
27030732864 1769472
26045911104 2162688
26580095040 1769472
27039580224 1769472
26067537984 2162688
26597789760 1769472
27057274944 1769472
26197299264 2162688
26703958080 1769472
27163443264 1769472
26320572480 2162688
26804817984 1769472
27264303168 1769472
109728832 1769472
316757056 1769472
616022080 2162688
1164361792 1769472
1623846976 1769472
1013956672 2162688
1489944640 1769472
1949429824 1769472
2233552960 2162688
2767736896 1769472
3227222080 1769472
2346012736 2162688
2859749440 1769472
3319234624 1769472
3682788416 2162688
4238599232 1769472
4698084416 1769472
3739018304 2162688
4284605504 1769472
4744090688 1769472
3782272064 2162688
4319994944 1769472
4779480128 1769472
3816875072 2162688
4348306496 1769472
4807791680 1769472
3868779584 2162688
4390773824 1769472
4850259008 1769472
3873104960 2162688
4394312768 1769472
4853797952 1769472
3970425920 2162688
4473939008 1769472
4933424192 1769472
4184532032 2162688
4649116736 1769472
5108601920 1769472
4214809664 2162688
4673889344 1769472
5133374528 1769472
5402359872 2162688
5930645568 1769472
6390130752 1769472
5417498688 2162688
5943031872 1769472
6402517056 1769472
5439125568 2162688
5960726592 1769472
6420211776 1769472
5778667584 2162688
6238533696 1769472
6698018880 1769472
6853170240 2162688
7405835328 1769472
7865320512 1769472
6948328512 2162688
7483692096 1769472
7943177280 1769472
7179736128 2162688
7673025600 1769472
8132510784 1769472
8741037120 2162688
9230394432 1769472
9689879616 1769472
8745362496 2162688
9233933376 1769472
9693418560 1769472
8790778944 2162688
9271092288 1769472
9730577472 1769472
8823219264 2162688
9297634368 1769472
9757119552 1769472
9974003776 2162688
10524309568 1769472
10983794752 1769472
10255153216 2162688
10754340928 1769472
11213826112 1769472
10309220416 2162688
10798577728 1769472
11258062912 1769472
10361124928 2162688
10841045056 1769472
11300530240 1769472
10434656320 2162688
10901207104 1769472
11360692288 1769472
10464933952 2162688
10925979712 1769472
11385464896 1769472
11511909440 2162688
12067720256 1769472
12527205440 1769472
11723852864 2162688
12241128512 1769472
12700613696 1769472
11892542528 2162688
12379147328 1769472
12838632512 1769472
11976887360 2162688
12448156736 1769472
12907641920 1769472
13153036352 2162688
13698623552 1769472
14158108736 1769472
13168175168 2162688
13711009856 1769472
14170495040 1769472
13382281280 2162688
13886187584 1769472
14345672768 1769472
13574760512 2162688
14043670592 1769472
14503155776 1769472
14690547776 2162688
15236528192 1769472
15696013376 1769472
14733801536 2162688
15271917632 1769472
15731402816 1769472
14846261312 2162688
15363930176 1769472
15823415360 1769472
14943582272 2162688
15443556416 1769472
15903041600 1769472
15075506240 2162688
15551494208 1769472
16010979392 1769472
15164176448 2162688
15624042560 1769472
16083527744 1769472
16258731072 2162688
16804711488 1769472
17264196672 1769472
16360377408 2162688
16887876672 1769472
17347361856 1769472
16412281920 2162688
16930344000 1769472
17389829184 1769472
16652340288 2162688
17126755392 1769472
17586240576 1769472
16734522432 2162688
17193995328 1769472
17653480512 1769472
17809612864 2162688
18358739008 1769472
18818224192 1769472
18043183168 2162688
18549841984 1769472
19009327168 1769472
18242150464 2162688
18712633408 1769472
19172118592 1769472
18298380352 2162688
18758639680 1769472
19218124864 1769472
18313519168 2162688
18771025984 1769472
19230511168 1769472
19426950208 2162688
19970178112 1769472
20429663296 1769472
19576175680 2162688
20092271680 1769472
20551756864 1769472
20936346688 2162688
21485079616 1769472
21944564800 1769472
21042318400 2162688
21571783744 1769472
22031268928 1769472
21089897536 2162688
21610712128 1769472
22070197312 1769472
21366721600 2162688
21837204544 1769472
22296689728 1769472
22485065792 2162688
23037337664 1769472
23496822848 1769472
22491553856 2162688
23042646080 1769472
23502131264 1769472
22595362880 2162688
23127580736 1769472
23587065920 1769472
22658080832 2162688
23178895424 1769472
23638380608 1769472
22850560064 2162688
23336378432 1769472
23795863616 1769472
24148579392 2580480
24792888384 2162688
25353036864 2162688
24213091392 2580480
24846955584 2162688
25407104064 2162688
25920475200 2162688
26477465664 1769472
26936950848 1769472
26022121536 2162688
26560630848 1769472
27020116032 1769472
26032934976 2162688
26569478208 1769472
27028963392 1769472
26039423040 2162688
26574786624 1769472
27034271808 1769472
26214600768 2162688
26718113856 1769472
27177599040 1769472
26236227648 2162688
26735808576 1769472
27195293760 1769472
26242715712 2162688
26741116992 1769472
27200602176 1769472
26270830656 2162688
26764120128 1769472
27223605312 1769472
26342199360 2162688
26822512704 1769472
27281997888 1769472
26422218816 2162688
26887983168 1769472
27347468352 1769472
61953088 1769472
67261504 1769472
74339392 1769472
159274048 1769472
205280320 1769472
414078016 1769472
603045952 2162688
1153744960 1769472
1613230144 1769472
650625088 2162688
1192673344 1769472
1652158528 1769472
691716160 2162688
1226293312 1769472
1685778496 1769472
985841728 2162688
1466941504 1769472
1926426688 1769472
1020444736 2162688
1495253056 1769472
1954738240 1769472
1029095488 2162688
1502330944 1769472
1961816128 1769472
1100464192 2162688
1560723520 1769472
2020208704 1769472
2138394688 2162688
2689880128 1769472
3149365312 1769472
2170835008 2162688
2716422208 1769472
3175907392 1769472
2175160384 2162688
2719961152 1769472
3179446336 1769472
2198949952 2162688
2739425344 1769472
3198910528 1769472
2255179840 2162688
2785431616 1769472
3244916800 1769472
2367639616 2162688
2877444160 1769472
3336929344 1769472
3676300352 2162688
4233290816 1769472
4692776000 1769472
